   -0.89867E+00    0.30000E+01    0.30000E-04    0.30000E-04
   -0.89300E+00    0.10000E+01    0.10000E-04    0.40000E-04
   -0.88733E+00    0.80000E+01    0.80000E-04    0.12000E-03
   -0.88166E+00    0.20000E+02    0.20000E-03    0.32000E-03
   -0.87599E+00    0.68000E+02    0.68000E-03    0.10000E-02
   -0.87032E+00    0.16800E+03    0.16800E-02    0.26800E-02
   -0.86465E+00    0.42000E+03    0.42000E-02    0.68800E-02
   -0.85898E+00    0.86700E+03    0.86700E-02    0.15550E-01
   -0.85331E+00    0.16870E+04    0.16870E-01    0.32420E-01
   -0.84763E+00    0.27970E+04    0.27970E-01    0.60390E-01
   -0.84196E+00    0.44810E+04    0.44810E-01    0.10520E+00
   -0.83629E+00    0.64620E+04    0.64620E-01    0.16982E+00
   -0.83062E+00    0.86560E+04    0.86560E-01    0.25638E+00
   -0.82495E+00    0.10421E+05    0.10421E+00    0.36059E+00
   -0.81928E+00    0.11592E+05    0.11592E+00    0.47651E+00
   -0.81361E+00    0.11681E+05    0.11681E+00    0.59332E+00
   -0.80794E+00    0.10884E+05    0.10884E+00    0.70216E+00
   -0.80227E+00    0.93870E+04    0.93870E-01    0.79603E+00
   -0.79660E+00    0.72370E+04    0.72370E-01    0.86840E+00
   -0.79093E+00    0.52400E+04    0.52400E-01    0.92080E+00
   -0.78526E+00    0.34580E+04    0.34580E-01    0.95538E+00
   -0.77959E+00    0.21570E+04    0.21570E-01    0.97695E+00
   -0.77392E+00    0.11320E+04    0.11320E-01    0.98827E+00
   -0.76825E+00    0.64700E+03    0.64700E-02    0.99474E+00
   -0.76258E+00    0.29300E+03    0.29300E-02    0.99767E+00
   -0.75691E+00    0.14600E+03    0.14600E-02    0.99913E+00
   -0.75124E+00    0.51000E+02    0.51000E-03    0.99964E+00
   -0.74557E+00    0.24000E+02    0.24000E-03    0.99988E+00
   -0.73990E+00    0.80000E+01    0.80000E-04    0.99996E+00
   -0.73423E+00    0.40000E+01    0.40000E-04    0.10000E+01
