    0.95794E+01    0.20000E+01    0.20000E-04    0.20000E-04
    0.96427E+01    0.60000E+01    0.60000E-04    0.80000E-04
    0.97060E+01    0.23000E+02    0.23000E-03    0.31000E-03
    0.97692E+01    0.84000E+02    0.84000E-03    0.11500E-02
    0.98325E+01    0.21600E+03    0.21600E-02    0.33100E-02
    0.98958E+01    0.59300E+03    0.59300E-02    0.92400E-02
    0.99591E+01    0.12510E+04    0.12510E-01    0.21750E-01
    0.10022E+02    0.24680E+04    0.24680E-01    0.46430E-01
    0.10086E+02    0.41650E+04    0.41650E-01    0.88080E-01
    0.10149E+02    0.63050E+04    0.63050E-01    0.15113E+00
    0.10212E+02    0.86150E+04    0.86150E-01    0.23728E+00
    0.10275E+02    0.10517E+05    0.10517E+00    0.34245E+00
    0.10339E+02    0.11660E+05    0.11660E+00    0.45905E+00
    0.10402E+02    0.11966E+05    0.11966E+00    0.57871E+00
    0.10465E+02    0.10846E+05    0.10846E+00    0.68717E+00
    0.10528E+02    0.94690E+04    0.94690E-01    0.78186E+00
    0.10592E+02    0.73900E+04    0.73900E-01    0.85576E+00
    0.10655E+02    0.53810E+04    0.53810E-01    0.90957E+00
    0.10718E+02    0.37310E+04    0.37310E-01    0.94688E+00
    0.10782E+02    0.23120E+04    0.23120E-01    0.97000E+00
    0.10845E+02    0.14080E+04    0.14080E-01    0.98408E+00
    0.10908E+02    0.78700E+03    0.78700E-02    0.99195E+00
    0.10971E+02    0.41800E+03    0.41800E-02    0.99613E+00
    0.11035E+02    0.20400E+03    0.20400E-02    0.99817E+00
    0.11098E+02    0.10200E+03    0.10200E-02    0.99919E+00
    0.11161E+02    0.44000E+02    0.44000E-03    0.99963E+00
    0.11224E+02    0.26000E+02    0.26000E-03    0.99989E+00
    0.11288E+02    0.60000E+01    0.60000E-04    0.99995E+00
    0.11351E+02    0.30000E+01    0.30000E-04    0.99998E+00
    0.11414E+02    0.20000E+01    0.20000E-04    0.10000E+01
