   -0.59462E+00    0.50000E+01    0.50000E-04    0.50000E-04
   -0.58182E+00    0.11000E+02    0.11000E-03    0.16000E-03
   -0.56902E+00    0.27000E+02    0.27000E-03    0.43000E-03
   -0.55622E+00    0.77000E+02    0.77000E-03    0.12000E-02
   -0.54342E+00    0.16000E+03    0.16000E-02    0.28000E-02
   -0.53061E+00    0.42700E+03    0.42700E-02    0.70700E-02
   -0.51781E+00    0.87400E+03    0.87400E-02    0.15810E-01
   -0.50501E+00    0.16210E+04    0.16210E-01    0.32020E-01
   -0.49221E+00    0.27710E+04    0.27710E-01    0.59730E-01
   -0.47941E+00    0.44120E+04    0.44120E-01    0.10385E+00
   -0.46661E+00    0.63720E+04    0.63720E-01    0.16757E+00
   -0.45381E+00    0.82740E+04    0.82740E-01    0.25031E+00
   -0.44101E+00    0.10057E+05    0.10057E+00    0.35088E+00
   -0.42820E+00    0.11341E+05    0.11341E+00    0.46429E+00
   -0.41540E+00    0.11565E+05    0.11565E+00    0.57994E+00
   -0.40260E+00    0.10887E+05    0.10887E+00    0.68881E+00
   -0.38980E+00    0.94470E+04    0.94470E-01    0.78328E+00
   -0.37700E+00    0.75490E+04    0.75490E-01    0.85877E+00
   -0.36420E+00    0.54510E+04    0.54510E-01    0.91328E+00
   -0.35140E+00    0.37320E+04    0.37320E-01    0.95060E+00
   -0.33860E+00    0.22750E+04    0.22750E-01    0.97335E+00
   -0.32579E+00    0.13720E+04    0.13720E-01    0.98707E+00
   -0.31299E+00    0.69100E+03    0.69100E-02    0.99398E+00
   -0.30019E+00    0.33800E+03    0.33800E-02    0.99736E+00
   -0.28739E+00    0.16200E+03    0.16200E-02    0.99898E+00
   -0.27459E+00    0.68000E+02    0.68000E-03    0.99966E+00
   -0.26179E+00    0.18000E+02    0.18000E-03    0.99984E+00
   -0.24899E+00    0.12000E+02    0.12000E-03    0.99996E+00
   -0.23619E+00    0.20000E+01    0.20000E-04    0.99998E+00
   -0.22339E+00    0.20000E+01    0.20000E-04    0.10000E+01
