   -0.10194E+01    0.30000E+01    0.30000E-04    0.30000E-04
   -0.10134E+01    0.50000E+01    0.50000E-04    0.80000E-04
   -0.10074E+01    0.11000E+02    0.11000E-03    0.19000E-03
   -0.10014E+01    0.31000E+02    0.31000E-03    0.50000E-03
   -0.99541E+00    0.88000E+02    0.88000E-03    0.13800E-02
   -0.98940E+00    0.20600E+03    0.20600E-02    0.34400E-02
   -0.98340E+00    0.44600E+03    0.44600E-02    0.79000E-02
   -0.97740E+00    0.84200E+03    0.84200E-02    0.16320E-01
   -0.97140E+00    0.15600E+04    0.15600E-01    0.31920E-01
   -0.96540E+00    0.27780E+04    0.27780E-01    0.59700E-01
   -0.95939E+00    0.42790E+04    0.42790E-01    0.10249E+00
   -0.95339E+00    0.64770E+04    0.64770E-01    0.16726E+00
   -0.94739E+00    0.85860E+04    0.85860E-01    0.25312E+00
   -0.94139E+00    0.10412E+05    0.10412E+00    0.35724E+00
   -0.93539E+00    0.11922E+05    0.11922E+00    0.47646E+00
   -0.92939E+00    0.12199E+05    0.12199E+00    0.59845E+00
   -0.92338E+00    0.11316E+05    0.11316E+00    0.71161E+00
   -0.91738E+00    0.97150E+04    0.97150E-01    0.80876E+00
   -0.91138E+00    0.73700E+04    0.73700E-01    0.88246E+00
   -0.90538E+00    0.50880E+04    0.50880E-01    0.93334E+00
   -0.89938E+00    0.32480E+04    0.32480E-01    0.96582E+00
   -0.89338E+00    0.17590E+04    0.17590E-01    0.98341E+00
   -0.88737E+00    0.96200E+03    0.96200E-02    0.99303E+00
   -0.88137E+00    0.39400E+03    0.39400E-02    0.99697E+00
   -0.87537E+00    0.19500E+03    0.19500E-02    0.99892E+00
   -0.86937E+00    0.67000E+02    0.67000E-03    0.99959E+00
   -0.86337E+00    0.30000E+02    0.30000E-03    0.99989E+00
   -0.85737E+00    0.80000E+01    0.80000E-04    0.99997E+00
   -0.85136E+00    0.20000E+01    0.20000E-04    0.99999E+00
   -0.84536E+00    0.10000E+01    0.10000E-04    0.10000E+01
