 
    >>Normalized Constraint Values:
  0.12011E+01  0.40039E-01  0.13212E+01     29.99798
 -0.43022E+00  0.16893E-01 -0.37954E+00    -25.46795
 -0.20516E+01  0.21438E-01 -0.19873E+01    -95.69789
 -0.31792E+01  0.39480E-01 -0.30607E+01    -80.52654
 -0.15597E+01  0.16789E-01 -0.15094E+01    -92.90562
  0.68831E-01  0.21501E-01  0.13334E+00      3.20127
  0.14041E+00  0.41113E-01  0.26375E+00      3.41517
  0.22690E+01  0.51264E-01  0.24228E+01     44.26188
 
 
    >>Objective:       7.6980       0.0050       7.7030
    >>Coeff of variance:       0.0091
 
 iter    objective      ||grad||        inf_pr          inf_du         lg(mu)
    0  0.7702998E+01  0.0000000E+00  0.2432836E+01  0.1165948E+01  0.1000000E+01
 
    >>Normalized Constraint Values:
  0.66940E+00  0.22831E-01  0.73789E+00     29.32000
 -0.40146E+00  0.18669E-01 -0.34545E+00    -21.50383
 -0.18393E+01  0.18969E-01 -0.17824E+01    -96.96379
 -0.26540E+01  0.22665E-01 -0.25860E+01   -117.09573
 -0.15886E+01  0.18550E-01 -0.15329E+01    -85.64042
 -0.14792E+00  0.19034E-01 -0.90818E-01     -7.77123
 -0.97358E-01  0.40247E-01  0.23382E-01     -2.41903
  0.14802E+01  0.31054E-01  0.15734E+01     47.66587
 
 
    >>Objective:       9.2991       0.0195       9.3186
    >>Coeff of variance:       0.0150
    1  0.9318585E+01  0.1490215E+01  0.1713857E+01  0.1029734E+02  0.3028932E+00
 
    >>Normalized Constraint Values:
  0.28907E+00  0.10769E-01  0.32138E+00     26.84413
 -0.24323E+00  0.14378E-01 -0.20010E+00    -16.91715
 -0.14119E+01  0.29547E-01 -0.13232E+01    -47.78361
 -0.22771E+01  0.10722E-01 -0.22450E+01   -212.37259
 -0.17484E+01  0.14224E-01 -0.17057E+01   -122.91788
 -0.58054E+00  0.29777E-01 -0.49120E+00    -19.49606
  0.72791E-01  0.51623E-01  0.22766E+00      1.41003
  0.64351E+00  0.31103E-01  0.73682E+00     20.69005
 
 
    >>Objective:       9.8164       0.0162       9.8326
    >>Coeff of variance:       0.0130
    2  0.9832555E+01  0.9510807E+00  0.7917664E+00  0.4362218E+01  0.3524740E+00
 
    >>Normalized Constraint Values:
  0.42718E-01  0.12809E-01  0.81146E-01      3.33499
 -0.29409E+00  0.17190E-01 -0.24252E+00    -17.10836
 -0.13191E+01  0.23062E-01 -0.12499E+01    -57.19963
 -0.20345E+01  0.12764E-01 -0.19962E+01   -159.38790
 -0.16989E+01  0.17033E-01 -0.16478E+01    -99.74030
 -0.67393E+00  0.23145E-01 -0.60450E+00    -29.11754
  0.55869E-01  0.48569E-01  0.20158E+00      1.15028
  0.42362E+00  0.25003E-01  0.49863E+00     16.94233
 
 
    >>Objective:      11.8237       0.0301      11.8538
    >>Coeff of variance:       0.0147
    3  0.1185381E+02  0.1213391E+01  0.4991762E+00  0.1306962E+02  0.3576668E+00
 
    >>Normalized Constraint Values:
 -0.14353E+00  0.55642E-02 -0.12684E+00    -25.79584
 -0.51378E+00  0.11529E-01 -0.47919E+00    -44.56378
 -0.13133E+01  0.27093E-01 -0.12321E+01    -48.47514
 -0.18512E+01  0.55600E-02 -0.18346E+01   -332.95846
 -0.14824E+01  0.11447E-01 -0.14480E+01   -129.49793
 -0.68215E+00  0.27283E-01 -0.60030E+00    -25.00314
 -0.35229E+00  0.44229E-01 -0.21960E+00     -7.96510
  0.12891E+00  0.27647E-01  0.21185E+00      4.66271
 
 
    >>Objective:      13.7529       0.0318      13.7847
    >>Coeff of variance:       0.0130
    4  0.1378468E+02  0.1636158E+01  0.2251554E+00  0.1249539E+02  0.1921391E+00
 
    >>Normalized Constraint Values:
 -0.11980E+00  0.60699E-02 -0.10159E+00    -19.73753
 -0.43247E+00  0.16527E-01 -0.38289E+00    -26.16709
 -0.12090E+01  0.25939E-01 -0.11312E+01    -46.60927
 -0.18744E+01  0.60695E-02 -0.18562E+01   -308.82018
 -0.15628E+01  0.16377E-01 -0.15137E+01    -95.42364
 -0.78664E+00  0.25945E-01 -0.70880E+00    -30.31973
 -0.10345E+00  0.54261E-01  0.59329E-01     -1.90659
  0.67008E-01  0.22488E-01  0.13447E+00      2.97970
 
 
    >>Objective:      14.0263       0.0416      14.0678
    >>Coeff of variance:       0.0145
    5  0.1406783E+02  0.6219870E+00  0.1435547E+00  0.5177020E+01  0.8814782E-01
 
    >>Normalized Constraint Values:
 -0.15745E+00  0.64273E-02 -0.13817E+00    -24.49707
 -0.45026E+00  0.16031E-01 -0.40217E+00    -28.08683
 -0.12073E+01  0.24628E-01 -0.11334E+01    -49.02168
 -0.18372E+01  0.64322E-02 -0.18179E+01   -285.62350
 -0.15453E+01  0.15899E-01 -0.14976E+01    -97.19627
 -0.78855E+00  0.24820E-01 -0.71409E+00    -31.77072
 -0.12802E+00  0.53206E-01  0.31597E-01     -2.40613
  0.29239E-01  0.22360E-01  0.96318E-01      1.30768
 
 
    >>Objective:      14.6116       0.0468      14.6583
    >>Coeff of variance:       0.0148
    6  0.1465832E+02  0.4894115E+00  0.9939471E-01  0.7159239E+01  0.1214814E-01
 
    >>Normalized Constraint Values:
 -0.25769E+00  0.85592E-02 -0.23202E+00    -30.10726
 -0.48398E+00  0.14002E-01 -0.44197E+00    -34.56393
 -0.11998E+01  0.20390E-01 -0.11386E+01    -58.84275
 -0.17380E+01  0.85109E-02 -0.17125E+01   -204.20852
 -0.15123E+01  0.13903E-01 -0.14706E+01   -108.77573
 -0.79645E+00  0.20481E-01 -0.73500E+00    -38.88638
 -0.17856E+00  0.46157E-01 -0.40092E-01     -3.86860
 -0.35733E-01  0.20617E-01  0.26118E-01     -1.73318
 
 
    >>Objective:      16.2642       0.0633      16.3275
    >>Coeff of variance:       0.0155
    7  0.1632748E+02  0.7173607E+00  0.3556589E-01  0.5151097E+01  0.1963857E-01
 
    >>Normalized Constraint Values:
 -0.25105E+00  0.81045E-02 -0.22674E+00    -30.97651
 -0.47689E+00  0.14187E-01 -0.43433E+00    -33.61550
 -0.11833E+01  0.18879E-01 -0.11266E+01    -62.67648
 -0.17446E+01  0.80646E-02 -0.17204E+01   -216.32238
 -0.15193E+01  0.14077E-01 -0.14771E+01   -107.93158
 -0.81338E+00  0.18978E-01 -0.75645E+00    -42.85983
 -0.14461E+00  0.45818E-01 -0.71549E-02     -3.15616
 -0.62156E-01  0.19152E-01 -0.46999E-02     -3.24540
 
 
    >>Objective:      16.7822       0.0690      16.8512
    >>Coeff of variance:       0.0157
    8  0.1685124E+02  0.2928339E+00  0.6718476E-02  0.1797957E+01  0.2306783E-02
 
    >>Normalized Constraint Values:
 -0.22921E+00  0.74719E-02 -0.20679E+00    -30.67592
 -0.47250E+00  0.14288E-01 -0.42963E+00    -33.06852
 -0.11812E+01  0.19042E-01 -0.11240E+01    -62.02929
 -0.17662E+01  0.74579E-02 -0.17438E+01   -236.81946
 -0.15236E+01  0.14175E-01 -0.14811E+01   -107.48963
 -0.81559E+00  0.19124E-01 -0.75822E+00    -42.64682
 -0.13575E+00  0.46168E-01  0.27560E-02     -2.94031
 -0.57353E-01  0.18681E-01 -0.13097E-02     -3.07011
 
 
    >>Objective:      16.5811       0.0653      16.6464
    >>Coeff of variance:       0.0154
    9  0.1664637E+02  0.1309090E+00  0.4123349E-02  0.1041695E+01  0.2655109E-02
 
    >>Normalized Constraint Values:
 -0.22533E+00  0.73321E-02 -0.20334E+00    -30.73241
 -0.47304E+00  0.14230E-01 -0.43034E+00    -33.24161
 -0.11818E+01  0.19081E-01 -0.11246E+01    -61.93612
 -0.17700E+01  0.73145E-02 -0.17481E+01   -241.98951
 -0.15231E+01  0.14119E-01 -0.14807E+01   -107.87619
 -0.81498E+00  0.19113E-01 -0.75764E+00    -42.63947
 -0.13777E+00  0.46066E-01  0.42505E-03     -2.99077
 -0.56259E-01  0.18692E-01 -0.18290E-03     -3.00978
 
 
    >>Objective:      16.5442       0.0646      16.6088
    >>Coeff of variance:       0.0154
   10  0.1660882E+02  0.2012234E-01  0.6059985E-03  0.9783613E-01  0.1200352E-03
 
    >>Normalized Constraint Values:
 -0.22563E+00  0.73458E-02 -0.20359E+00    -30.71541
 -0.47309E+00  0.14213E-01 -0.43045E+00    -33.28562
 -0.11817E+01  0.19135E-01 -0.11243E+01    -61.75542
 -0.17697E+01  0.73224E-02 -0.17478E+01   -241.68927
 -0.15230E+01  0.14105E-01 -0.14807E+01   -107.97483
 -0.81507E+00  0.19110E-01 -0.75774E+00    -42.65147
 -0.13808E+00  0.46053E-01  0.76006E-04     -2.99835
 -0.55977E-01  0.18656E-01 -0.79719E-05     -3.00043
 
 
    >>Objective:      16.5396       0.0644      16.6040
    >>Coeff of variance:       0.0153
   11  0.1660398E+02  0.2294052E-02  0.1796651E-03  0.5798545E-01  0.4763273E-05
 
    >>Normalized Constraint Values:
 -0.22549E+00  0.73351E-02 -0.20348E+00    -30.74128
 -0.47311E+00  0.14213E-01 -0.43047E+00    -33.28627
 -0.11817E+01  0.19094E-01 -0.11244E+01    -61.88873
 -0.17699E+01  0.73194E-02 -0.17479E+01   -241.80455
 -0.15230E+01  0.14098E-01 -0.14807E+01   -108.03226
 -0.81506E+00  0.19113E-01 -0.75772E+00    -42.64394
 -0.13814E+00  0.45977E-01 -0.21109E-03     -3.00459
 -0.55981E-01  0.18638E-01 -0.67020E-04     -3.00360
 
 
    >>Objective:      16.5395       0.0649      16.6045
    >>Coeff of variance:       0.0154
 
    >>Normalized Constraint Values:
 -0.22537E+00  0.73322E-02 -0.20337E+00    -30.73706
 -0.47302E+00  0.14219E-01 -0.43036E+00    -33.26670
 -0.11817E+01  0.19129E-01 -0.11243E+01    -61.77644
 -0.17700E+01  0.73146E-02 -0.17480E+01   -241.97918
 -0.15231E+01  0.14112E-01 -0.14808E+01   -107.93077
 -0.81509E+00  0.19153E-01 -0.75763E+00    -42.55670
 -0.13792E+00  0.46011E-01  0.11068E-03     -2.99759
 -0.55923E-01  0.18705E-01  0.19196E-03     -2.98974
 
 
    >>Objective:      16.5373       0.0645      16.6018
    >>Coeff of variance:       0.0154
   12  0.1660177E+02  0.1290966E-02  0.1919570E-03  0.1489928E-01  0.6011502E-07
 
    >>Normalized Constraint Values:
 -0.22551E+00  0.73332E-02 -0.20352E+00    -30.75275
 -0.47312E+00  0.14213E-01 -0.43048E+00    -33.28770
 -0.11817E+01  0.19075E-01 -0.11245E+01    -61.94976
 -0.17698E+01  0.73153E-02 -0.17479E+01   -241.93726
 -0.15230E+01  0.14101E-01 -0.14807E+01   -108.00698
 -0.81509E+00  0.19135E-01 -0.75768E+00    -42.59698
 -0.13807E+00  0.45989E-01 -0.98842E-04     -3.00215
 -0.56123E-01  0.18651E-01 -0.16948E-03     -3.00909
 
 
    >>Objective:      16.5428       0.0641      16.6069
    >>Coeff of variance:       0.0153
   13  0.1660690E+02  0.1617246E-02  0.1694919E-03  0.3838555E-01  0.1375003E-08
 
    >>Normalized Constraint Values:
 -0.22539E+00  0.73359E-02 -0.20338E+00    -30.72359
 -0.47304E+00  0.14218E-01 -0.43038E+00    -33.27126
 -0.11817E+01  0.19122E-01 -0.11244E+01    -61.80085
 -0.17700E+01  0.73222E-02 -0.17480E+01   -241.72764
 -0.15231E+01  0.14107E-01 -0.14808E+01   -107.96943
 -0.81505E+00  0.19192E-01 -0.75747E+00    -42.46768
 -0.13796E+00  0.45969E-01 -0.52935E-04     -3.00115
 -0.55960E-01  0.18736E-01  0.24795E-03     -2.98677
 
 
    >>Objective:      16.5379       0.0645      16.6024
    >>Coeff of variance:       0.0154
   14  0.1660242E+02  0.1875151E-02  0.2479356E-03  0.1540789E-01  0.1099591E-08
 
    >>Normalized Constraint Values:
 -0.22548E+00  0.73362E-02 -0.20347E+00    -30.73523
 -0.47310E+00  0.14220E-01 -0.43043E+00    -33.26908
 -0.11817E+01  0.19099E-01 -0.11244E+01    -61.87363
 -0.17699E+01  0.73238E-02 -0.17479E+01   -241.66255
 -0.15230E+01  0.14109E-01 -0.14807E+01   -107.94753
 -0.81507E+00  0.19073E-01 -0.75785E+00    -42.73365
 -0.13795E+00  0.46041E-01  0.16921E-03     -2.99632
 -0.56226E-01  0.18637E-01 -0.31405E-03     -3.01685
 
 
    >>Objective:      16.5446       0.0643      16.6089
    >>Coeff of variance:       0.0153
 
    >>Normalized Constraint Values:
 -0.22541E+00  0.73349E-02 -0.20340E+00    -30.73041
 -0.47306E+00  0.14216E-01 -0.43041E+00    -33.27581
 -0.11818E+01  0.19125E-01 -0.11244E+01    -61.79327
 -0.17700E+01  0.73208E-02 -0.17480E+01   -241.77144
 -0.15231E+01  0.14107E-01 -0.14807E+01   -107.96085
 -0.81500E+00  0.19188E-01 -0.75744E+00    -42.47579
 -0.13807E+00  0.46016E-01 -0.21563E-04     -3.00047
 -0.55888E-01  0.18716E-01  0.25915E-03     -2.98615
 
 
    >>Objective:      16.5363       0.0646      16.6009
    >>Coeff of variance:       0.0154
   15  0.1660089E+02  0.2079653E-02  0.3411129E-03  0.2472343E-01  0.1099591E-08
 
    >>Normalized Constraint Values:
 -0.22551E+00  0.73343E-02 -0.20351E+00    -30.74806
 -0.47312E+00  0.14218E-01 -0.43047E+00    -33.27734
 -0.11817E+01  0.19094E-01 -0.11244E+01    -61.88930
 -0.17698E+01  0.73314E-02 -0.17479E+01   -241.40729
 -0.15230E+01  0.14097E-01 -0.14807E+01   -108.03960
 -0.81508E+00  0.19184E-01 -0.75753E+00    -42.48661
 -0.13808E+00  0.45945E-01 -0.24239E-03     -3.00528
 -0.56155E-01  0.18675E-01 -0.12968E-03     -3.00694
 
 
    >>Objective:      16.5434       0.0644      16.6078
    >>Coeff of variance:       0.0153
   16  0.1660781E+02  0.2813627E-02  0.2424046E-03  0.5927528E-01  0.1876964E-10
 
    >>Normalized Constraint Values:
 -0.22540E+00  0.73321E-02 -0.20340E+00    -30.74144
 -0.47298E+00  0.14220E-01 -0.43032E+00    -33.26229
 -0.11816E+01  0.19104E-01 -0.11243E+01    -61.84927
 -0.17700E+01  0.73315E-02 -0.17480E+01   -241.41842
 -0.15231E+01  0.14109E-01 -0.14808E+01   -107.95324
 -0.81519E+00  0.19162E-01 -0.75771E+00    -42.54235
 -0.13777E+00  0.46053E-01  0.38520E-03     -2.99164
 -0.56000E-01  0.18686E-01  0.58693E-04     -2.99686
 
 
    >>Objective:      16.5394       0.0643      16.6038
    >>Coeff of variance:       0.0153
   17  0.1660376E+02  0.8145560E-03  0.3851887E-03  0.2465286E-01  0.1525143E-10
 
 The solution was found.
 
 The final value of the objective function is    16.6037554046845     
 
 The optimal values of X are:
 
 X  (           1 ) =    5.00000000000000      in^2
 X  (           2 ) =    1.98920724718633      in^2
 X  (           3 ) =    3.15205855249314      in^2
 X  (           4 ) =    37.5304051623442      deg
 X  (           5 ) =    60.0000000000000      deg
 X  (           6 ) =    148.166918224241      deg
 
 The multipliers for the equality constraints are:
 
 LAM(           1 ) =   7.499419845327698E-011
 LAM(           2 ) =   3.544347594323284E-011
 LAM(           3 ) =   1.356497855635808E-011
 LAM(           4 ) =   8.725017699708655E-012
 LAM(           5 ) =   1.029863691580523E-011
 LAM(           6 ) =   2.012905298225331E-011
 LAM(           7 ) =    1.82856410378061     
 LAM(           8 ) =    27.6147337183402     
 
Weight, variance, SD, CV:      16.5394       0.0643       0.2536       0.0153
