  0.706966764445961        1.04719754077965        2.50926014082172     
   21.0266480353306     
  0.676932181326123       0.998572071582926        2.51635118184992     
   21.5401739873092     
  0.671018657483620        1.00610518646770        2.49454021171221     
   21.3265757918784     
  0.666024078069993        1.00898311511848        2.46554390144656     
   21.0648155797272     
  0.722548254910841        1.08127535193345        2.47512081737040     
   20.4259839206035     
  0.731052815580484        1.08669956501230        2.54837862195833     
   21.1982768000649     
  0.660995791769370        1.07393097889414        2.55205602873048     
   21.9368727028647     
  0.701252972558330        1.03397626490940        2.46430334027013     
   20.6340603490189     
  0.718458730846853        1.02673383507125        2.46727574943772     
   20.5310309522497     
  0.680922131217364        1.02247757835866        2.51269305486305     
   21.3834538804172     
  0.673038939844557        1.08552995965610        2.56029775756258     
   21.8962671802224     
  0.697779769098258        1.09609933187758        2.53138213141425     
   21.2496408217899     
  0.750633336818644        1.05343201727942        2.55690767724271     
   21.2414432415105     
  0.715274944982223        1.00708687599296        2.48846007407090     
   20.8390783879931     
  0.678274938904443        1.06420205664033        2.53627027717281     
   21.5794833787927     
  0.716409537380082        1.04974246975295        2.55856671153384     
   21.5587697472579     
  0.706586068924521        1.02434553633843        2.53915970754561     
   21.4607425826339     
  0.669204001254126        1.08258532146949        2.47358486231087     
   20.9068183374695     
  0.711876416199567        1.03025439091109        2.54320738079829     
   21.4482666610071     
  0.695210688337188        1.02883329158829        2.49721317524445     
   21.0509601290209     
  0.757609390705138        1.06149843606395        2.50472665900818     
   20.5128197358399     
  0.696934368608651        1.04622374379104        2.50244734497977     
   21.0435273519162     
  0.688260315402313        1.06240368124806        2.46073973822551     
   20.6416871603847     
  0.737089661729463        1.01560795581192        2.51145805374071     
   20.8850996589706     
  0.683732891727995        1.01225950545016        2.52752166508001     
   21.5652483483410     
  0.741035354429219       0.996680971297800        2.55021481126492     
   21.3965288160611     
  0.664337100656945        1.09816554587748        2.53877407578764     
   21.6668926614934     
  0.655994176863178        1.07707447257706        2.48944975736925     
   21.2257245950409     
  0.686579633117286        1.03935232991109        2.50577730945355     
   21.1989993898367     
  0.723219083951328        1.09409959568525        2.45853773177158     
   20.2221456221367     
  0.685319202099859        1.03765973918030        2.53366927640639     
   21.5508794306481     
  0.718346027826595        1.06524043858542        2.55417968863641     
   21.4397982202285     
  0.752114976491661        1.00148729447570        2.54586792723099     
   21.2350694646195     
  0.734868506348468        1.06777715204863        2.53562357340061     
   21.0492717248860     
  0.725585560891263       0.995360327636531        2.48162190055902     
   20.7143879193257     
  0.704649804747538        1.02529405834116        2.46189426447305     
   20.6046398790502     
  0.754962926300050        1.03717867259812        2.52573154483905     
   20.8489846762602     
  0.729773747598035        1.01909269525103        2.55921093605920     
   21.5418276641230     
  0.663121240311653        1.05862660076529        2.48641051536445     
   21.1664055765972     
  0.656558378243048        1.09303692843360        2.47687639448364     
   21.0466981581871     
  0.741298907759672        1.02074690688579        2.47027350427660     
   20.3872933151857     
  0.742696215362347        1.01916578163766        2.47112002535863     
   20.3893624190469     
  0.674406257158037        1.03490547096443        2.46885457504365     
   20.9348949752408     
  0.758314583913232        1.08315146162148        2.45830327902878     
   19.9618683147789     
  0.705160544538133        1.03256866231191        2.53007775070161     
   21.3345429949530     
  0.738287567636638        1.01305647200417        2.49329166310978     
   20.6778242816817     
  0.736545009726020        1.05698235862819        2.51771689884622     
   20.8440601958965     
  0.690468727277686        1.04660293387264        2.54183759411796     
   21.5805822538411     
  0.748168154337088        1.05209935224077        2.55301418328056     
   21.2115753176928     
  0.744387617306108        1.04481368664033        2.49124793565769     
   20.5125948853959     
  0.713639023020758        1.08942723328556        2.49562180385377     
   20.7019313566357     
  0.707935675217438        1.00506857650299        2.50154486930171     
   21.0548813328439     
  0.671862755887796        1.04300731381697        2.50754906215023     
   21.3543228210128     
  0.732313469014464        1.07568301129892        2.52177537054602     
   20.8783915711050     
  0.660500937228104        1.08752261107053        2.50868002296774     
   21.3665163577195     
  0.728424200551181        1.07019930453686        2.47994446394504     
   20.4545208787193     
  0.699400174503913        1.05500008037795        2.49802064706902     
   20.9467113218932     
  0.692390521386981        1.09659464703804        2.48510261253307     
   20.7646888859243     
  0.750064522044629        1.01730796233806        2.54680918717197     
   21.2143760442538     
  0.693808820505072        1.07317760084865        2.51993121379816     
   21.2038896951959     
  0.702207566779235        1.00054685134336        2.48366687997358     
   20.9258562248372     
  0.679494163378272        1.04104354302887        2.47467754042162     
   20.9259894600438     
  0.754174112993454        1.07855772464022        2.49993665085738     
   20.4407419884207     
  0.745796885107915        1.06631552350270        2.51564829807286     
   20.7194923801672     
  0.709773146684085        1.05712394063864        2.51450489988485     
   21.0353310949183     
  0.721107362611013        1.07073613086145        2.52335152330096     
   21.0053565186197     
  0.682991878548801        1.04877601246290        2.47918081079052     
   20.9166114317043     
  0.658934732624937        1.09157914224907        2.52410215050357     
   21.5559454050099     
  0.667116805953878        1.00290971501777        2.52860158995575     
   21.7740661129506     
  0.727162068014441        1.01026973390949        2.54453494386702     
   21.3932896766562     
