 
    >>Normalized Constraint Values:
  0.11898E+01  0.39390E-04  0.11898E+01  30206.31440
 -0.43520E+00  0.16782E-04 -0.43520E+00 -25932.97657
 -0.20602E+01  0.21607E-04 -0.20602E+01 -95350.11172
 -0.31898E+01  0.40172E-04 -0.31898E+01 -79404.95832
 -0.15648E+01  0.16996E-04 -0.15648E+01 -92067.98605
  0.60221E-01  0.21352E-04  0.60221E-01   2820.43987
  0.12961E+00  0.40025E-04  0.12961E+00   3238.18052
  0.22501E+01  0.50041E-04  0.22501E+01  44963.70846
 
 
    >>Objective:       7.6569       0.0000       7.6569
    >>Coeff of variance:       0.0000
 
 iter    objective      ||grad||        inf_pr          inf_du         lg(mu)
    0  0.7656854E+01  0.0000000E+00  0.2260051E+01  0.1337433E+01  0.1000000E+01
 
    >>Normalized Constraint Values:
  0.61802E+00  0.21399E-04  0.61802E+00  28880.74975
 -0.40484E+00  0.18608E-04 -0.40484E+00 -21756.26829
 -0.18025E+01  0.19452E-04 -0.18025E+01 -92663.12168
 -0.26180E+01  0.20824E-04 -0.26180E+01-125722.90604
 -0.15952E+01  0.18273E-04 -0.15952E+01 -87295.19295
 -0.19754E+00  0.19377E-04 -0.19754E+00 -10194.56933
 -0.10857E+00  0.40395E-04 -0.10857E+00  -2687.80646
  0.13654E+01  0.30558E-04  0.13654E+01  44683.01707
 
 
    >>Objective:       9.4722       0.0000       9.4722
    >>Coeff of variance:       0.0000
    1  0.9472208E+01  0.1615501E+01  0.1566662E+01  0.1025770E+02  0.4065711E+00
 
    >>Normalized Constraint Values:
  0.30445E+00  0.78934E-05  0.30445E+00  38569.85780
 -0.31740E+00  0.89579E-05 -0.31740E+00 -35432.91868
 -0.15249E+01  0.31227E-04 -0.15249E+01 -48832.81402
 -0.23044E+01  0.77309E-05 -0.23044E+01-298081.40973
 -0.16826E+01  0.90795E-05 -0.16826E+01-185318.33819
 -0.47509E+00  0.30600E-04 -0.47509E+00 -15525.71873
 -0.16630E+00  0.41567E-04 -0.16630E+00  -4000.73647
  0.71002E+00  0.36383E-04  0.71002E+00  19515.29699
 
 
    >>Objective:       9.6224       0.0000       9.6224
    >>Coeff of variance:       0.0000
    2  0.9622437E+01  0.1059488E+01  0.8237772E+00  0.4344057E+01  0.4196798E+00
 
    >>Normalized Constraint Values:
 -0.51979E-01  0.14246E-04 -0.51979E-01  -3648.66711
 -0.28485E+00  0.18815E-04 -0.28485E+00 -15139.49755
 -0.12694E+01  0.17852E-04 -0.12694E+01 -71104.74079
 -0.19480E+01  0.14373E-04 -0.19480E+01-135531.42895
 -0.17152E+01  0.18664E-04 -0.17152E+01 -91894.94689
 -0.73064E+00  0.17734E-04 -0.73064E+00 -41200.22422
  0.57010E-01  0.40804E-04  0.57010E-01   1397.16635
  0.48551E+00  0.28181E-04  0.48551E+00  17228.18002
 
 
    >>Objective:      12.8788       0.0000      12.8788
    >>Coeff of variance:       0.0000
    3  0.1287878E+02  0.9254785E+00  0.4866450E+00  0.2458272E+02  0.4397964E+00
 
    >>Normalized Constraint Values:
 -0.71674E-01  0.86581E-05 -0.71674E-01  -8278.25958
 -0.40659E+00  0.14206E-04 -0.40659E+00 -28621.31000
 -0.12461E+01  0.25489E-04 -0.12461E+01 -48887.26476
 -0.19283E+01  0.87825E-05 -0.19283E+01-219563.69098
 -0.15934E+01  0.14179E-04 -0.15934E+01-112381.19687
 -0.75390E+00  0.25219E-04 -0.75390E+00 -29894.60666
 -0.11789E+00  0.47628E-04 -0.11789E+00  -2475.29223
  0.21258E+00  0.22665E-04  0.21258E+00   9378.90125
 
 
    >>Objective:      12.7466       0.0000      12.7466
    >>Coeff of variance:       0.0000
    4  0.1274660E+02  0.5860682E+00  0.2482797E+00  0.2524035E+01  0.3459582E+00
 
    >>Normalized Constraint Values:
 -0.11726E+00  0.73496E-05 -0.11726E+00 -15953.97566
 -0.43588E+00  0.15178E-04 -0.43588E+00 -28717.36193
 -0.12373E+01  0.26016E-04 -0.12373E+01 -47560.46194
 -0.18827E+01  0.73174E-05 -0.18827E+01-257296.00300
 -0.15641E+01  0.15148E-04 -0.15641E+01-103256.68893
 -0.76268E+00  0.25693E-04 -0.76268E+00 -29684.07960
 -0.13552E+00  0.50793E-04 -0.13552E+00  -2667.98838
  0.10674E+00  0.23050E-04  0.10674E+00   4630.63696
 
 
    >>Objective:      13.6332       0.0000      13.6332
    >>Coeff of variance:       0.0000
    5  0.1363322E+02  0.6136874E+00  0.1070927E+00  0.1715988E+01  0.5214798E-01
 
    >>Normalized Constraint Values:
 -0.10229E+00  0.54060E-05 -0.10229E+00 -18922.13582
 -0.39689E+00  0.19927E-04 -0.39689E+00 -19917.52744
 -0.11751E+01  0.27452E-04 -0.11751E+01 -42807.25022
 -0.18977E+01  0.54439E-05 -0.18977E+01-348591.96851
 -0.16031E+01  0.19961E-04 -0.16031E+01 -80312.95283
 -0.82485E+00  0.27190E-04 -0.82485E+00 -30336.19848
  0.16622E-01  0.65288E-04  0.16622E-01    254.59167
  0.23045E-01  0.23850E-04  0.23045E-01    966.22981
 
 
    >>Objective:      14.0985       0.0000      14.0985
    >>Coeff of variance:       0.0000
    6  0.1409855E+02  0.5653030E+00  0.2400541E-01  0.3091939E+01  0.1787447E-01
 
    >>Normalized Constraint Values:
 -0.10968E+00  0.53811E-05 -0.10968E+00 -20382.89694
 -0.40049E+00  0.20150E-04 -0.40049E+00 -19875.18491
 -0.11772E+01  0.27322E-04 -0.11772E+01 -43085.12899
 -0.18903E+01  0.54080E-05 -0.18903E+01-349544.25772
 -0.15995E+01  0.20164E-04 -0.15995E+01 -79323.91091
 -0.82282E+00  0.27654E-04 -0.82282E+00 -29753.97896
  0.11501E-01  0.67050E-04  0.11501E-01    171.53326
  0.15785E-01  0.25076E-04  0.15785E-01    629.48530
 
 
    >>Objective:      14.1599       0.0000      14.1599
    >>Coeff of variance:       0.0000
    7  0.1415992E+02  0.1311508E+00  0.1637362E-01  0.4227566E+01  0.3018287E-02
 
    >>Normalized Constraint Values:
 -0.14485E+00  0.67444E-05 -0.14485E+00 -21477.44765
 -0.40747E+00  0.20503E-04 -0.40747E+00 -19873.41471
 -0.11851E+01  0.28604E-04 -0.11851E+01 -41429.58207
 -0.18551E+01  0.68171E-05 -0.18551E+01-272132.07623
 -0.15925E+01  0.20610E-04 -0.15925E+01 -77269.74328
 -0.81494E+00  0.28222E-04 -0.81494E+00 -28875.58473
 -0.10640E-02  0.69718E-04 -0.10640E-02    -15.26100
  0.65491E-02  0.27476E-04  0.65491E-02    238.35722
 
 
    >>Objective:      14.3035       0.0000      14.3035
    >>Coeff of variance:       0.0000
    8  0.1430352E+02  0.2743802E+00  0.6645873E-02  0.1243790E+01  0.8383428E-03
 
    >>Normalized Constraint Values:
 -0.14611E+00  0.67993E-05 -0.14611E+00 -21488.23590
 -0.40848E+00  0.20322E-04 -0.40848E+00 -20100.85709
 -0.11830E+01  0.27592E-04 -0.11830E+01 -42874.86569
 -0.18539E+01  0.66974E-05 -0.18539E+01-276807.84231
 -0.15915E+01  0.20402E-04 -0.15915E+01 -78009.29403
 -0.81700E+00  0.27591E-04 -0.81700E+00 -29610.68929
 -0.10120E-03  0.67808E-04 -0.10120E-03     -1.49248
  0.21133E-03  0.26949E-04  0.21133E-03      7.84204
 
 
    >>Objective:      14.4422       0.0000      14.4422
    >>Coeff of variance:       0.0000
    9  0.1444220E+02  0.6453177E-01  0.2122902E-03  0.9557988E+00  0.1272823E-03
 
    >>Normalized Constraint Values:
 -0.14405E+00  0.66190E-05 -0.14405E+00 -21762.26799
 -0.40849E+00  0.20315E-04 -0.40849E+00 -20107.89975
 -0.11830E+01  0.27886E-04 -0.11830E+01 -42423.91589
 -0.18560E+01  0.65264E-05 -0.18560E+01-284376.34739
 -0.15915E+01  0.20330E-04 -0.15915E+01 -78282.94374
 -0.81697E+00  0.27054E-04 -0.81697E+00 -30197.55741
 -0.17005E-04  0.68291E-04 -0.17005E-04     -0.24901
  0.23414E-04  0.26528E-04  0.23414E-04      0.88262
 
 
    >>Objective:      14.4454       0.0000      14.4454
    >>Coeff of variance:       0.0000
   10  0.1444537E+02  0.1631820E-01  0.2358414E-04  0.1552153E+00  0.2861315E-05
 
    >>Normalized Constraint Values:
 -0.14448E+00  0.65885E-05 -0.14448E+00 -21929.23502
 -0.40849E+00  0.20292E-04 -0.40849E+00 -20130.48950
 -0.11830E+01  0.27623E-04 -0.11830E+01 -42826.90893
 -0.18555E+01  0.66325E-05 -0.18555E+01-279761.36231
 -0.15915E+01  0.20357E-04 -0.15915E+01 -78180.62754
 -0.81699E+00  0.27850E-04 -0.81699E+00 -29335.17232
 -0.45797E-06  0.68757E-04 -0.45797E-06     -0.00666
  0.62909E-06  0.26635E-04  0.62909E-06      0.02362
 
 
    >>Objective:      14.4458       0.0000      14.4458
    >>Coeff of variance:       0.0000
   11  0.1444581E+02  0.2944304E-02  0.6247652E-06  0.3361677E-02  0.1096053E-06
 
    >>Normalized Constraint Values:
 -0.14448E+00  0.66651E-05 -0.14448E+00 -21677.86272
 -0.40849E+00  0.20336E-04 -0.40849E+00 -20087.56825
 -0.11830E+01  0.27447E-04 -0.11830E+01 -43101.02576
 -0.18555E+01  0.66262E-05 -0.18555E+01-280026.66915
 -0.15915E+01  0.20264E-04 -0.15915E+01 -78536.90335
 -0.81699E+00  0.27030E-04 -0.81699E+00 -30224.84206
 -0.48050E-08  0.67489E-04 -0.48050E-08     -0.00007
 -0.17008E-08  0.26744E-04 -0.17008E-08     -0.00006
 
 
    >>Objective:      14.4458       0.0000      14.4458
    >>Coeff of variance:       0.0000
   12  0.1444582E+02  0.2059892E-04  0.2075269E-07  0.4278737E-05  0.1021238E-08
 
 The solution was found.
 
 The final value of the objective function is    14.4458184579127     
 
 The optimal values of X are:
 
 X  (           1 ) =    5.00000000000000      in^2
 X  (           2 ) =    1.42312064904564      in^2
 X  (           3 ) =    2.30312969572517      in^2
 X  (           4 ) =    37.5918744781068      deg
 X  (           5 ) =    60.0000000000000      deg
 X  (           6 ) =    150.000000000000      deg
 
 The multipliers for the equality constraints are:
 
 LAM(           1 ) =   2.352204659602320E-007
 LAM(           2 ) =  -1.244463764808003E-006
 LAM(           3 ) =  -8.531827274320307E-007
 LAM(           4 ) =  -2.276182550740705E-007
 LAM(           5 ) =   1.247605445060035E-006
 LAM(           6 ) =   8.552960224810468E-007
 LAM(           7 ) =    4.17995447057606     
 LAM(           8 ) =    23.7492508828465     
 
Weight, variance, SD, CV:      14.4458       0.0000       0.0002       0.0000
