 
    >>Normalized Constraint Values:
  0.12011E+01  0.39804E-01  0.12807E+01     30.17507
 -0.43022E+00  0.16846E-01 -0.39652E+00    -25.53757
 -0.20516E+01  0.21447E-01 -0.20087E+01    -95.65799
 -0.31792E+01  0.39553E-01 -0.31001E+01    -80.37767
 -0.15597E+01  0.16774E-01 -0.15262E+01    -92.98862
  0.68829E-01  0.21504E-01  0.11184E+00      3.20072
  0.14041E+00  0.41120E-01  0.22265E+00      3.41456
  0.22690E+01  0.51147E-01  0.23713E+01     44.36278
 
 
    >>Objective:       7.6980       0.0049       7.7030
    >>Coeff of variance:       0.0091
 
 iter    objective      ||grad||        inf_pr          inf_du         lg(mu)
    0  0.7702994E+01  0.0000000E+00  0.2381337E+01  0.1191649E+01  0.1000000E+01
 
    >>Normalized Constraint Values:
  0.67469E+00  0.22766E-01  0.72023E+00     29.63649
 -0.40356E+00  0.18625E-01 -0.36631E+00    -21.66790
 -0.18379E+01  0.19022E-01 -0.17999E+01    -96.62186
 -0.26592E+01  0.22661E-01 -0.26139E+01   -117.35148
 -0.15865E+01  0.18541E-01 -0.15494E+01    -85.56620
 -0.14940E+00  0.19091E-01 -0.11122E+00     -7.82558
 -0.92778E-01  0.40085E-01 -0.12608E-01     -2.31454
  0.14795E+01  0.30968E-01  0.15415E+01     47.77632
 
 
    >>Objective:       9.3113       0.0196       9.3309
    >>Coeff of variance:       0.0150
    1  0.9330905E+01  0.1507980E+01  0.1685259E+01  0.1042922E+02  0.3135455E+00
 
    >>Normalized Constraint Values:
  0.30554E+00  0.98452E-02  0.32523E+00     31.03474
 -0.26289E+00  0.12833E-01 -0.23723E+00    -20.48595
 -0.14482E+01  0.30159E-01 -0.13879E+01    -48.01816
 -0.22935E+01  0.98106E-02 -0.22739E+01   -233.77706
 -0.17290E+01  0.12694E-01 -0.17036E+01   -136.20332
 -0.54433E+00  0.30331E-01 -0.48366E+00    -17.94598
  0.42696E-02  0.48845E-01  0.10196E+00      0.08741
  0.67242E+00  0.32940E-01  0.73830E+00     20.41342
 
 
    >>Objective:       9.7110       0.0152       9.7262
    >>Coeff of variance:       0.0127
    2  0.9726169E+01  0.9711319E+00  0.8133154E+00  0.5455437E+01  0.3741680E+00
 
    >>Normalized Constraint Values:
  0.26143E-01  0.13872E-01  0.53887E-01      1.88465
 -0.29910E+00  0.16669E-01 -0.26576E+00    -17.94359
 -0.13327E+01  0.21785E-01 -0.12892E+01    -61.17561
 -0.20182E+01  0.13806E-01 -0.19906E+01   -146.18283
 -0.16940E+01  0.16517E-01 -0.16610E+01   -102.56298
 -0.66015E+00  0.21923E-01 -0.61630E+00    -30.11244
  0.26440E-01  0.44258E-01  0.11496E+00      0.59741
  0.45934E+00  0.25315E-01  0.50997E+00     18.14461
 
 
    >>Objective:      11.8898       0.0308      11.9206
    >>Coeff of variance:       0.0148
    3  0.1192062E+02  0.1019791E+01  0.5107178E+00  0.1679919E+02  0.4080333E+00
 
    >>Normalized Constraint Values:
 -0.15832E+00  0.67511E-02 -0.14482E+00    -23.45077
 -0.50612E+00  0.11319E-01 -0.48348E+00    -44.71489
 -0.12958E+01  0.25593E-01 -0.12446E+01    -50.63102
 -0.18366E+01  0.67273E-02 -0.18231E+01   -273.00405
 -0.14901E+01  0.11250E-01 -0.14676E+01   -132.45394
 -0.69974E+00  0.25760E-01 -0.64822E+00    -27.16412
 -0.32577E+00  0.42545E-01 -0.24068E+00     -7.65695
  0.11776E+00  0.25299E-01  0.16836E+00      4.65469
 
 
    >>Objective:      13.8857       0.0328      13.9185
    >>Coeff of variance:       0.0130
    4  0.1391849E+02  0.1367430E+01  0.1837476E+00  0.9202885E+01  0.2056740E+00
 
    >>Normalized Constraint Values:
 -0.14532E+00  0.67595E-02 -0.13180E+00    -21.49875
 -0.41928E+00  0.17404E-01 -0.38447E+00    -24.09051
 -0.11784E+01  0.24308E-01 -0.11298E+01    -48.47743
 -0.18491E+01  0.67723E-02 -0.18355E+01   -273.03517
 -0.15759E+01  0.17242E-01 -0.15415E+01    -91.39948
 -0.81745E+00  0.24438E-01 -0.76857E+00    -33.44944
 -0.43771E-01  0.55662E-01  0.67553E-01     -0.78637
  0.27296E-01  0.21061E-01  0.69418E-01      1.29606
 
 
    >>Objective:      14.5804       0.0491      14.6295
    >>Coeff of variance:       0.0152
    5  0.1462948E+02  0.6780340E+00  0.7478841E-01  0.3267320E+01  0.6200581E-01
 
    >>Normalized Constraint Values:
 -0.19301E+00  0.70108E-02 -0.17899E+00    -27.53103
 -0.47097E+00  0.14872E-01 -0.44122E+00    -31.66691
 -0.12128E+01  0.22945E-01 -0.11670E+01    -52.85960
 -0.18020E+01  0.70138E-02 -0.17880E+01   -256.92704
 -0.15249E+01  0.14753E-01 -0.14954E+01   -103.36241
 -0.78319E+00  0.23059E-01 -0.73707E+00    -33.96447
 -0.16880E+00  0.49962E-01 -0.68874E-01     -3.37855
  0.55911E-02  0.21925E-01  0.49441E-01      0.25501
 
 
    >>Objective:      15.1884       0.0508      15.2392
    >>Coeff of variance:       0.0148
    6  0.1523918E+02  0.8975396E+00  0.5325954E-01  0.1294807E+02  0.1069933E+00
 
    >>Normalized Constraint Values:
 -0.22840E+00  0.78190E-02 -0.21276E+00    -29.21068
 -0.46819E+00  0.15087E-01 -0.43802E+00    -31.03373
 -0.11918E+01  0.20721E-01 -0.11504E+01    -57.51721
 -0.17670E+01  0.77941E-02 -0.17514E+01   -226.70563
 -0.15278E+01  0.14974E-01 -0.14978E+01   -102.02897
 -0.80449E+00  0.20825E-01 -0.76284E+00    -38.63041
 -0.13409E+00  0.49744E-01 -0.34603E-01     -2.69561
 -0.40105E-01  0.20833E-01  0.15616E-02     -1.92504
 
 
    >>Objective:      16.1431       0.0636      16.2066
    >>Coeff of variance:       0.0156
    7  0.1620662E+02  0.1642376E+00  0.1073387E-01  0.2864824E+01  0.8432637E-02
 
    >>Normalized Constraint Values:
 -0.21841E+00  0.76721E-02 -0.20307E+00    -28.46804
 -0.45772E+00  0.15580E-01 -0.42656E+00    -29.37801
 -0.11829E+01  0.20737E-01 -0.11414E+01    -57.04453
 -0.17768E+01  0.76340E-02 -0.17616E+01   -232.75011
 -0.15381E+01  0.15453E-01 -0.15072E+01    -99.53513
 -0.81346E+00  0.20842E-01 -0.77177E+00    -39.02930
 -0.10537E+00  0.50685E-01 -0.39990E-02     -2.07890
 -0.41555E-01  0.20356E-01 -0.84285E-03     -2.04141
 
 
    >>Objective:      16.0951       0.0639      16.1590
    >>Coeff of variance:       0.0157
    8  0.1615895E+02  0.8056972E-01  0.2629465E-02  0.7687778E+00  0.4929483E-02
 
    >>Normalized Constraint Values:
 -0.20700E+00  0.72751E-02 -0.19245E+00    -28.45271
 -0.45584E+00  0.15604E-01 -0.42463E+00    -29.21327
 -0.11813E+01  0.20734E-01 -0.11398E+01    -56.97384
 -0.17881E+01  0.72699E-02 -0.17736E+01   -245.96253
 -0.15400E+01  0.15473E-01 -0.15090E+01    -99.52824
 -0.81515E+00  0.20804E-01 -0.77355E+00    -39.18312
 -0.10060E+00  0.50827E-01  0.10564E-02     -1.97922
 -0.41030E-01  0.20024E-01 -0.98074E-03     -2.04898
 
 
    >>Objective:      16.0410       0.0627      16.1037
    >>Coeff of variance:       0.0156
    9  0.1610374E+02  0.6671959E-01  0.1454090E-02  0.3978807E+00  0.4106428E-03
 
    >>Normalized Constraint Values:
 -0.20525E+00  0.72318E-02 -0.19079E+00    -28.38199
 -0.45592E+00  0.15582E-01 -0.42475E+00    -29.25851
 -0.11816E+01  0.20810E-01 -0.11400E+01    -56.78117
 -0.17898E+01  0.72334E-02 -0.17754E+01   -247.44056
 -0.15399E+01  0.15457E-01 -0.15090E+01    -99.62759
 -0.81487E+00  0.20827E-01 -0.77321E+00    -39.12611
 -0.10135E+00  0.50808E-01  0.27013E-03     -1.99468
 -0.40111E-01  0.20070E-01  0.28089E-04     -1.99860
 
 
    >>Objective:      16.0162       0.0619      16.0781
    >>Coeff of variance:       0.0155
   10  0.1607813E+02  0.8805150E-02  0.2901476E-03  0.3436444E-01  0.2087769E-04
 
    >>Normalized Constraint Values:
 -0.20551E+00  0.72462E-02 -0.19102E+00    -28.36161
 -0.45603E+00  0.15573E-01 -0.42488E+00    -29.28340
 -0.11816E+01  0.20780E-01 -0.11401E+01    -56.86538
 -0.17896E+01  0.72111E-02 -0.17752E+01   -248.17087
 -0.15398E+01  0.15454E-01 -0.15089E+01    -99.63463
 -0.81481E+00  0.20797E-01 -0.77322E+00    -39.17956
 -0.10163E+00  0.50758E-01 -0.11564E-03     -2.00228
 -0.40127E-01  0.20102E-01  0.76658E-04     -1.99619
 
 
    >>Objective:      16.0175       0.0621      16.0796
    >>Coeff of variance:       0.0156
   11  0.1607963E+02  0.1675248E-02  0.1154490E-03  0.1437706E-01  0.5036595E-06
 
    >>Normalized Constraint Values:
 -0.20548E+00  0.72239E-02 -0.19104E+00    -28.44505
 -0.45600E+00  0.15581E-01 -0.42484E+00    -29.26624
 -0.11816E+01  0.20759E-01 -0.11401E+01    -56.91894
 -0.17896E+01  0.72162E-02 -0.17752E+01   -247.99865
 -0.15398E+01  0.15453E-01 -0.15089E+01    -99.64193
 -0.81487E+00  0.20849E-01 -0.77317E+00    -39.08355
 -0.10150E+00  0.50885E-01  0.26997E-03     -1.99469
 -0.40203E-01  0.20039E-01 -0.12376E-03     -2.00618
 
 
    >>Objective:      16.0192       0.0620      16.0813
    >>Coeff of variance:       0.0155
 
    >>Normalized Constraint Values:
 -0.20549E+00  0.72385E-02 -0.19101E+00    -28.38818
 -0.45607E+00  0.15576E-01 -0.42492E+00    -29.27948
 -0.11817E+01  0.20806E-01 -0.11401E+01    -56.79520
 -0.17896E+01  0.72176E-02 -0.17752E+01   -247.95263
 -0.15398E+01  0.15451E-01 -0.15088E+01    -99.65134
 -0.81478E+00  0.20806E-01 -0.77317E+00    -39.16009
 -0.10177E+00  0.50736E-01 -0.29509E-03     -2.00582
 -0.40080E-01  0.20063E-01  0.45536E-04     -1.99773
 
 
    >>Objective:      16.0166       0.0621      16.0787
    >>Coeff of variance:       0.0156
   12  0.1607874E+02  0.1035686E-02  0.2950974E-03  0.1210806E-01  0.6538105E-08
 
    >>Normalized Constraint Values:
 -0.20543E+00  0.72255E-02 -0.19098E+00    -28.43167
 -0.45597E+00  0.15585E-01 -0.42480E+00    -29.25706
 -0.11816E+01  0.20786E-01 -0.11400E+01    -56.84552
 -0.17897E+01  0.72208E-02 -0.17752E+01   -247.85049
 -0.15398E+01  0.15454E-01 -0.15089E+01    -99.64235
 -0.81487E+00  0.20837E-01 -0.77320E+00    -39.10659
 -0.10147E+00  0.50817E-01  0.16637E-03     -1.99673
 -0.40125E-01  0.20092E-01  0.59540E-04     -1.99704
 
 
    >>Objective:      16.0171       0.0622      16.0793
    >>Coeff of variance:       0.0156
   13  0.1607928E+02  0.5493345E-03  0.1663575E-03  0.1075800E-01  0.9502129E-10
 
 The solution was found.
 
 The final value of the objective function is    16.0792763464807     
 
 The optimal values of X are:
 
 X  (           1 ) =    5.00000000000000      in^2
 X  (           2 ) =    1.83875245364712      in^2
 X  (           3 ) =    2.92300294729973      in^2
 X  (           4 ) =    37.4763801325218      deg
 X  (           5 ) =    60.0000000000000      deg
 X  (           6 ) =    148.643935718259      deg
 
 The multipliers for the equality constraints are:
 
 LAM(           1 ) =   5.131008355836805E-010
 LAM(           2 ) =   2.270825595086810E-010
 LAM(           3 ) =   8.423863107725510E-011
 LAM(           4 ) =   5.342346141144197E-011
 LAM(           5 ) =   6.270647570406532E-011
 LAM(           6 ) =   1.209704662614142E-010
 LAM(           7 ) =    2.44638572609748     
 LAM(           8 ) =    26.5949164398229     
 
Weight, variance, SD, CV:      16.0171       0.0622       0.2493       0.0156
