   -0.12970E+01    0.10000E+01    0.10000E-04    0.10000E-04
   -0.12899E+01    0.00000E+00    0.00000E+00    0.10000E-04
   -0.12828E+01    0.20000E+01    0.20000E-04    0.30000E-04
   -0.12757E+01    0.80000E+01    0.80000E-04    0.11000E-03
   -0.12686E+01    0.11000E+02    0.11000E-03    0.22000E-03
   -0.12615E+01    0.40000E+02    0.40000E-03    0.62000E-03
   -0.12544E+01    0.10900E+03    0.10900E-02    0.17100E-02
   -0.12473E+01    0.26600E+03    0.26600E-02    0.43700E-02
   -0.12402E+01    0.54200E+03    0.54200E-02    0.97900E-02
   -0.12331E+01    0.11190E+04    0.11190E-01    0.20980E-01
   -0.12259E+01    0.19650E+04    0.19650E-01    0.40630E-01
   -0.12188E+01    0.33940E+04    0.33940E-01    0.74570E-01
   -0.12117E+01    0.53450E+04    0.53450E-01    0.12802E+00
   -0.12046E+01    0.75200E+04    0.75200E-01    0.20322E+00
   -0.11975E+01    0.96440E+04    0.96440E-01    0.29966E+00
   -0.11904E+01    0.11323E+05    0.11323E+00    0.41289E+00
   -0.11833E+01    0.12266E+05    0.12266E+00    0.53555E+00
   -0.11762E+01    0.11887E+05    0.11887E+00    0.65442E+00
   -0.11691E+01    0.10447E+05    0.10447E+00    0.75889E+00
   -0.11620E+01    0.84570E+04    0.84570E-01    0.84346E+00
   -0.11548E+01    0.63470E+04    0.63470E-01    0.90693E+00
   -0.11477E+01    0.42060E+04    0.42060E-01    0.94899E+00
   -0.11406E+01    0.24830E+04    0.24830E-01    0.97382E+00
   -0.11335E+01    0.14300E+04    0.14300E-01    0.98812E+00
   -0.11264E+01    0.67000E+03    0.67000E-02    0.99482E+00
   -0.11193E+01    0.31700E+03    0.31700E-02    0.99799E+00
   -0.11122E+01    0.13200E+03    0.13200E-02    0.99931E+00
   -0.11051E+01    0.43000E+02    0.43000E-03    0.99974E+00
   -0.10980E+01    0.21000E+02    0.21000E-03    0.99995E+00
   -0.10909E+01    0.50000E+01    0.50000E-04    0.10000E+01
