   -0.26464E+00    0.12000E+02    0.12000E-03    0.12000E-03
   -0.24927E+00    0.32000E+02    0.32000E-03    0.44000E-03
   -0.23389E+00    0.65000E+02    0.65000E-03    0.10900E-02
   -0.21852E+00    0.16700E+03    0.16700E-02    0.27600E-02
   -0.20314E+00    0.39200E+03    0.39200E-02    0.66800E-02
   -0.18777E+00    0.73900E+03    0.73900E-02    0.14070E-01
   -0.17239E+00    0.14470E+04    0.14470E-01    0.28540E-01
   -0.15702E+00    0.23540E+04    0.23540E-01    0.52080E-01
   -0.14165E+00    0.37380E+04    0.37380E-01    0.89460E-01
   -0.12627E+00    0.53930E+04    0.53930E-01    0.14339E+00
   -0.11090E+00    0.70700E+04    0.70700E-01    0.21409E+00
   -0.95521E-01    0.88590E+04    0.88590E-01    0.30268E+00
   -0.80146E-01    0.99890E+04    0.99890E-01    0.40257E+00
   -0.64771E-01    0.10658E+05    0.10658E+00    0.50915E+00
   -0.49396E-01    0.10447E+05    0.10447E+00    0.61362E+00
   -0.34021E-01    0.96590E+04    0.96590E-01    0.71021E+00
   -0.18647E-01    0.82280E+04    0.82280E-01    0.79249E+00
   -0.32718E-02    0.66020E+04    0.66020E-01    0.85851E+00
    0.12103E-01    0.49760E+04    0.49760E-01    0.90827E+00
    0.27478E-01    0.35470E+04    0.35470E-01    0.94374E+00
    0.42853E-01    0.23540E+04    0.23540E-01    0.96728E+00
    0.58228E-01    0.14670E+04    0.14670E-01    0.98195E+00
    0.73602E-01    0.84600E+03    0.84600E-02    0.99041E+00
    0.88977E-01    0.46200E+03    0.46200E-02    0.99503E+00
    0.10435E+00    0.29000E+03    0.29000E-02    0.99793E+00
    0.11973E+00    0.99000E+02    0.99000E-03    0.99892E+00
    0.13510E+00    0.57000E+02    0.57000E-03    0.99949E+00
    0.15048E+00    0.25000E+02    0.25000E-03    0.99974E+00
    0.16585E+00    0.13000E+02    0.13000E-03    0.99987E+00
    0.18123E+00    0.13000E+02    0.13000E-03    0.10000E+01
