   -0.93000E+00    0.10000E+01    0.10000E-04    0.10000E-04
   -0.92273E+00    0.00000E+00    0.00000E+00    0.10000E-04
   -0.91546E+00    0.00000E+00    0.00000E+00    0.10000E-04
   -0.90819E+00    0.20000E+01    0.20000E-04    0.30000E-04
   -0.90093E+00    0.70000E+01    0.70000E-04    0.10000E-03
   -0.89366E+00    0.36000E+02    0.36000E-03    0.46000E-03
   -0.88639E+00    0.89000E+02    0.89000E-03    0.13500E-02
   -0.87913E+00    0.23400E+03    0.23400E-02    0.36900E-02
   -0.87186E+00    0.54600E+03    0.54600E-02    0.91500E-02
   -0.86459E+00    0.12120E+04    0.12120E-01    0.21270E-01
   -0.85733E+00    0.21850E+04    0.21850E-01    0.43120E-01
   -0.85006E+00    0.37930E+04    0.37930E-01    0.81050E-01
   -0.84279E+00    0.59710E+04    0.59710E-01    0.14076E+00
   -0.83553E+00    0.82540E+04    0.82540E-01    0.22330E+00
   -0.82826E+00    0.10302E+05    0.10302E+00    0.32632E+00
   -0.82099E+00    0.11919E+05    0.11919E+00    0.44551E+00
   -0.81372E+00    0.12502E+05    0.12502E+00    0.57053E+00
   -0.80646E+00    0.11835E+05    0.11835E+00    0.68888E+00
   -0.79919E+00    0.10124E+05    0.10124E+00    0.79012E+00
   -0.79192E+00    0.78510E+04    0.78510E-01    0.86863E+00
   -0.78466E+00    0.53410E+04    0.53410E-01    0.92204E+00
   -0.77739E+00    0.35480E+04    0.35480E-01    0.95752E+00
   -0.77012E+00    0.21300E+04    0.21300E-01    0.97882E+00
   -0.76286E+00    0.11590E+04    0.11590E-01    0.99041E+00
   -0.75559E+00    0.53100E+03    0.53100E-02    0.99572E+00
   -0.74832E+00    0.25800E+03    0.25800E-02    0.99830E+00
   -0.74105E+00    0.11100E+03    0.11100E-02    0.99941E+00
   -0.73379E+00    0.43000E+02    0.43000E-03    0.99984E+00
   -0.72652E+00    0.11000E+02    0.11000E-03    0.99995E+00
   -0.71925E+00    0.50000E+01    0.50000E-04    0.10000E+01
