   -0.18414E+01    0.10000E+01    0.10000E-04    0.10000E-04
   -0.18392E+01    0.70000E+01    0.70000E-04    0.80000E-04
   -0.18370E+01    0.27000E+02    0.27000E-03    0.35000E-03
   -0.18347E+01    0.10800E+03    0.10800E-02    0.14300E-02
   -0.18325E+01    0.28400E+03    0.28400E-02    0.42700E-02
   -0.18303E+01    0.76900E+03    0.76900E-02    0.11960E-01
   -0.18281E+01    0.17380E+04    0.17380E-01    0.29340E-01
   -0.18259E+01    0.31300E+04    0.31300E-01    0.60640E-01
   -0.18237E+01    0.54160E+04    0.54160E-01    0.11480E+00
   -0.18215E+01    0.77550E+04    0.77550E-01    0.19235E+00
   -0.18193E+01    0.10291E+05    0.10291E+00    0.29526E+00
   -0.18171E+01    0.11799E+05    0.11799E+00    0.41325E+00
   -0.18149E+01    0.12521E+05    0.12521E+00    0.53846E+00
   -0.18127E+01    0.12018E+05    0.12018E+00    0.65864E+00
   -0.18105E+01    0.10381E+05    0.10381E+00    0.76245E+00
   -0.18083E+01    0.81650E+04    0.81650E-01    0.84410E+00
   -0.18061E+01    0.58970E+04    0.58970E-01    0.90307E+00
   -0.18039E+01    0.40490E+04    0.40490E-01    0.94356E+00
   -0.18017E+01    0.25130E+04    0.25130E-01    0.96869E+00
   -0.17995E+01    0.15120E+04    0.15120E-01    0.98381E+00
   -0.17973E+01    0.81800E+03    0.81800E-02    0.99199E+00
   -0.17951E+01    0.42600E+03    0.42600E-02    0.99625E+00
   -0.17929E+01    0.21900E+03    0.21900E-02    0.99844E+00
   -0.17907E+01    0.97000E+02    0.97000E-03    0.99941E+00
   -0.17885E+01    0.30000E+02    0.30000E-03    0.99971E+00
   -0.17863E+01    0.18000E+02    0.18000E-03    0.99989E+00
   -0.17841E+01    0.70000E+01    0.70000E-04    0.99996E+00
   -0.17819E+01    0.20000E+01    0.20000E-04    0.99998E+00
   -0.17797E+01    0.10000E+01    0.10000E-04    0.99999E+00
   -0.17775E+01    0.10000E+01    0.10000E-04    0.10000E+01
