 
    >>Normalized Constraint Values:
  0.12011E+01  0.39904E-01  0.12410E+01     30.09921
 -0.43022E+00  0.16849E-01 -0.41337E+00    -25.53318
 -0.20516E+01  0.21440E-01 -0.20302E+01    -95.69085
 -0.31792E+01  0.39552E-01 -0.31396E+01    -80.37921
 -0.15597E+01  0.16766E-01 -0.15430E+01    -93.03133
  0.68830E-01  0.21504E-01  0.90334E-01      3.20078
  0.14041E+00  0.41050E-01  0.18146E+00      3.42033
  0.22690E+01  0.51082E-01  0.23201E+01     44.41961
 
 
    >>Objective:       7.6980       0.0050       7.7030
    >>Coeff of variance:       0.0092
 
 iter    objective      ||grad||        inf_pr          inf_du         lg(mu)
    0  0.7703016E+01  0.0000000E+00  0.2330125E+01  0.1267103E+01  0.1000000E+01
 
    >>Normalized Constraint Values:
  0.66662E+00  0.22422E-01  0.68904E+00     29.73107
 -0.40390E+00  0.18682E-01 -0.38522E+00    -21.62012
 -0.18278E+01  0.19111E-01 -0.18087E+01    -95.64030
 -0.26513E+01  0.22243E-01 -0.26291E+01   -119.19858
 -0.15862E+01  0.18565E-01 -0.15676E+01    -85.43780
 -0.15970E+00  0.19134E-01 -0.14057E+00     -8.34623
 -0.91876E-01  0.39860E-01 -0.52016E-01     -2.30495
  0.14563E+01  0.30907E-01  0.14873E+01     47.11991
 
 
    >>Objective:       9.3647       0.0200       9.3847
    >>Coeff of variance:       0.0151
    1  0.9384736E+01  0.1542534E+01  0.1644597E+01  0.1050418E+02  0.3395849E+00
 
    >>Normalized Constraint Values:
  0.31756E+00  0.87773E-02  0.32634E+00     36.18026
 -0.28789E+00  0.10847E-01 -0.27704E+00    -26.54132
 -0.14932E+01  0.30801E-01 -0.14624E+01    -48.47970
 -0.23055E+01  0.87484E-02 -0.22968E+01   -263.53365
 -0.17044E+01  0.10717E-01 -0.16936E+01   -159.02928
 -0.49944E+00  0.31011E-01 -0.46843E+00    -16.10517
 -0.82503E-01  0.45410E-01 -0.37093E-01     -1.81686
  0.70860E+00  0.35413E-01  0.74401E+00     20.00932
 
 
    >>Objective:       9.6222       0.0141       9.6364
    >>Coeff of variance:       0.0123
    2  0.9636359E+01  0.1010673E+01  0.8398318E+00  0.5947805E+01  0.4031415E+00
 
    >>Normalized Constraint Values:
 -0.98563E-02  0.14638E-01  0.47812E-02     -0.67336
 -0.30167E+00  0.17017E-01 -0.28465E+00    -17.72705
 -0.13260E+01  0.19803E-01 -0.13062E+01    -66.95911
 -0.19828E+01  0.14556E-01 -0.19682E+01   -136.21474
 -0.16916E+01  0.16883E-01 -0.16747E+01   -100.19777
 -0.66683E+00  0.19886E-01 -0.64694E+00    -33.53190
  0.15927E-01  0.40879E-01  0.56807E-01      0.38962
  0.47895E+00  0.25989E-01  0.50494E+00     18.42917
 
 
    >>Objective:      12.2732       0.0362      12.3094
    >>Coeff of variance:       0.0155
    3  0.1230940E+02  0.9406138E+00  0.5059008E+00  0.2059208E+02  0.4519502E+00
 
    >>Normalized Constraint Values:
 -0.10763E+00  0.86570E-02 -0.98978E-01    -12.43321
 -0.44357E+00  0.12803E-01 -0.43077E+00    -34.64568
 -0.12752E+01  0.25036E-01 -0.12501E+01    -50.93267
 -0.18865E+01  0.86433E-02 -0.18779E+01   -218.26292
 -0.15519E+01  0.12710E-01 -0.15392E+01   -122.10175
 -0.71991E+00  0.25154E-01 -0.69476E+00    -28.62006
 -0.19939E+00  0.44092E-01 -0.15530E+00     -4.52209
  0.18754E+00  0.23475E-01  0.21101E+00      7.98880
 
 
    >>Objective:      13.1688       0.0315      13.2003
    >>Coeff of variance:       0.0135
    4  0.1320027E+02  0.1017309E+01  0.2334044E+00  0.2648899E+01  0.2813916E+00
 
    >>Normalized Constraint Values:
 -0.16686E+00  0.73878E-02 -0.15947E+00    -22.58522
 -0.45218E+00  0.15258E-01 -0.43692E+00    -29.63541
 -0.12167E+01  0.24208E-01 -0.11924E+01    -50.25775
 -0.18279E+01  0.73635E-02 -0.18205E+01   -248.23793
 -0.15435E+01  0.15128E-01 -0.15283E+01   -102.02421
 -0.77902E+00  0.24333E-01 -0.75469E+00    -32.01531
 -0.14419E+00  0.50709E-01 -0.93480E-01     -2.84345
  0.49859E-01  0.22047E-01  0.71906E-01      2.26153
 
 
    >>Objective:      14.5015       0.0455      14.5470
    >>Coeff of variance:       0.0147
    5  0.1454702E+02  0.7652878E+00  0.7213003E-01  0.2631851E+01  0.6663612E-01
 
    >>Normalized Constraint Values:
 -0.13833E+00  0.65141E-02 -0.13182E+00    -21.23588
 -0.41499E+00  0.18264E-01 -0.39673E+00    -22.72180
 -0.11812E+01  0.25327E-01 -0.11559E+01    -46.63812
 -0.18560E+01  0.65123E-02 -0.18494E+01   -284.99264
 -0.15801E+01  0.18101E-01 -0.15620E+01    -87.29161
 -0.81447E+00  0.25427E-01 -0.78904E+00    -32.03151
 -0.29181E-01  0.59365E-01  0.30184E-01     -0.49155
  0.21827E-01  0.22499E-01  0.44326E-01      0.97014
 
 
    >>Objective:      14.5222       0.0503      14.5725
    >>Coeff of variance:       0.0154
    6  0.1457253E+02  0.8774525E+00  0.4473245E-01  0.2003872E+01  0.1326774E-01
 
    >>Normalized Constraint Values:
 -0.16335E+00  0.68829E-02 -0.15647E+00    -23.73240
 -0.42648E+00  0.17971E-01 -0.40851E+00    -23.73095
 -0.11827E+01  0.24783E-01 -0.11580E+01    -47.72442
 -0.18312E+01  0.68789E-02 -0.18244E+01   -266.20852
 -0.15688E+01  0.17814E-01 -0.15510E+01    -88.06422
 -0.81297E+00  0.24923E-01 -0.78805E+00    -32.61962
 -0.47897E-01  0.59062E-01  0.11166E-01     -0.81095
  0.24164E-02  0.22788E-01  0.25204E-01      0.10604
 
 
    >>Objective:      14.8543       0.0537      14.9080
    >>Coeff of variance:       0.0156
    7  0.1490798E+02  0.2262357E+00  0.2560062E-01  0.6213189E+01  0.1078268E-01
 
    >>Normalized Constraint Values:
 -0.19103E+00  0.75214E-02 -0.18351E+00    -25.39824
 -0.43589E+00  0.17459E-01 -0.41844E+00    -24.96731
 -0.11829E+01  0.23450E-01 -0.11595E+01    -50.44402
 -0.18039E+01  0.75100E-02 -0.17963E+01   -240.19394
 -0.15595E+01  0.17314E-01 -0.15422E+01    -90.07642
 -0.81291E+00  0.23583E-01 -0.78933E+00    -34.47085
 -0.60591E-01  0.57584E-01 -0.30073E-02     -1.05223
 -0.17711E-01  0.22707E-01  0.49967E-02     -0.77995
 
 
    >>Objective:      15.3412       0.0595      15.4007
    >>Coeff of variance:       0.0159
    8  0.1540073E+02  0.1776791E+00  0.5077586E-02  0.1206566E+01  0.5357824E-03
 
    >>Normalized Constraint Values:
 -0.18426E+00  0.71691E-02 -0.17709E+00    -25.70181
 -0.43632E+00  0.17554E-01 -0.41877E+00    -24.85613
 -0.11838E+01  0.23277E-01 -0.11605E+01    -50.85724
 -0.18106E+01  0.71665E-02 -0.18034E+01   -252.64102
 -0.15591E+01  0.17403E-01 -0.15417E+01    -89.58952
 -0.81213E+00  0.23302E-01 -0.78883E+00    -34.85196
 -0.58385E-01  0.58224E-01 -0.16130E-03     -1.00277
 -0.23460E-01  0.22910E-01 -0.54959E-03     -1.02399
 
 
    >>Objective:      15.4417       0.0608      15.5025
    >>Coeff of variance:       0.0160
    9  0.1550253E+02  0.6794135E-01  0.5499977E-03  0.1018127E+01  0.1190171E-03
 
    >>Normalized Constraint Values:
 -0.18336E+00  0.71354E-02 -0.17622E+00    -25.69714
 -0.43627E+00  0.17423E-01 -0.41885E+00    -25.04082
 -0.11827E+01  0.23196E-01 -0.11595E+01    -50.98630
 -0.18114E+01  0.71336E-02 -0.18043E+01   -253.93050
 -0.15592E+01  0.17279E-01 -0.15419E+01    -90.23139
 -0.81331E+00  0.23257E-01 -0.79005E+00    -34.97104
 -0.58759E-01  0.57587E-01 -0.11720E-02     -1.02035
 -0.22840E-01  0.22540E-01 -0.30001E-03     -1.01331
 
 
    >>Objective:      15.4362       0.0603      15.4964
    >>Coeff of variance:       0.0159
   10  0.1549642E+02  0.2289706E-01  0.2198201E-03  0.3477088E+00  0.3282405E-02
 
    >>Normalized Constraint Values:
 -0.18030E+00  0.70254E-02 -0.17328E+00    -25.66447
 -0.43570E+00  0.17410E-01 -0.41829E+00    -25.02587
 -0.11817E+01  0.23068E-01 -0.11587E+01    -51.22907
 -0.18145E+01  0.70232E-02 -0.18074E+01   -258.35259
 -0.15597E+01  0.17256E-01 -0.15425E+01    -90.38915
 -0.81429E+00  0.23216E-01 -0.79107E+00    -35.07422
 -0.57339E-01  0.57410E-01  0.70634E-04     -0.99877
 -0.22566E-01  0.22347E-01 -0.21901E-03     -1.00980
 
 
    >>Objective:      15.4188       0.0597      15.4786
    >>Coeff of variance:       0.0159
   11  0.1547858E+02  0.2060993E-01  0.2474060E-03  0.1504641E-01  0.9041267E-04
 
    >>Normalized Constraint Values:
 -0.18032E+00  0.70398E-02 -0.17328E+00    -25.61421
 -0.43568E+00  0.17413E-01 -0.41827E+00    -25.02028
 -0.11819E+01  0.23191E-01 -0.11587E+01    -50.96280
 -0.18145E+01  0.70237E-02 -0.18074E+01   -258.33355
 -0.15597E+01  0.17263E-01 -0.15425E+01    -90.35014
 -0.81412E+00  0.23230E-01 -0.79089E+00    -35.04604
 -0.57429E-01  0.57470E-01  0.40604E-04     -0.99929
 -0.22344E-01  0.22394E-01  0.49521E-04     -0.99779
 
 
    >>Objective:      15.4131       0.0597      15.4727
    >>Coeff of variance:       0.0158
   12  0.1547273E+02  0.4030133E-02  0.1308522E-03  0.3330793E-01  0.1459465E-05
 
    >>Normalized Constraint Values:
 -0.18048E+00  0.70353E-02 -0.17344E+00    -25.65276
 -0.43571E+00  0.17408E-01 -0.41830E+00    -25.02870
 -0.11819E+01  0.23206E-01 -0.11587E+01    -50.92880
 -0.18143E+01  0.70296E-02 -0.18073E+01   -258.09429
 -0.15597E+01  0.17268E-01 -0.15424E+01    -90.32153
 -0.81414E+00  0.23206E-01 -0.79093E+00    -35.08378
 -0.57481E-01  0.57492E-01  0.11669E-04     -0.99980
 -0.22393E-01  0.22457E-01  0.64249E-04     -0.99714
 
 
    >>Objective:      15.4144       0.0596      15.4740
    >>Coeff of variance:       0.0158
   13  0.1547402E+02  0.8668451E-03  0.6424049E-04  0.8061983E-02  0.3597061E-07
 
 The solution was found.
 
 The final value of the objective function is    15.4740194755322     
 
 The optimal values of X are:
 
 X  (           1 ) =    5.00000000000000      in^2
 X  (           2 ) =    1.66464782061741      in^2
 X  (           3 ) =    2.66191625587745      in^2
 X  (           4 ) =    37.4928211391120      deg
 X  (           5 ) =    60.0000000000000      deg
 X  (           6 ) =    149.330560775824      deg
 
 The multipliers for the equality constraints are:
 
 LAM(           1 ) =   2.009532742731190E-007
 LAM(           2 ) =   8.583299424361952E-008
 LAM(           3 ) =   3.119795226834554E-008
 LAM(           4 ) =   1.997067498435768E-008
 LAM(           5 ) =   2.334110952109721E-008
 LAM(           6 ) =   4.547150982248902E-008
 LAM(           7 ) =    3.22413212962076     
 LAM(           8 ) =    25.3966209780519     
 
Weight, variance, SD, CV:      15.4144       0.0596       0.2441       0.0158
