 
    >>Normalized Constraint Values:
  0.18468E+01  0.51992E-04  0.18468E+01  35520.64641
 -0.26575E+00  0.21139E-04 -0.26575E+00 -12571.93119
 -0.23783E+01  0.27813E-04 -0.23783E+01 -85510.05118
 -0.38468E+01  0.51874E-04 -0.38468E+01 -74156.46838
 -0.17342E+01  0.21888E-04 -0.17342E+01 -79232.84574
  0.37829E+00  0.27916E-04  0.37829E+00  13551.08558
  0.46849E+00  0.52625E-04  0.46849E+00   8902.40321
  0.32251E+01  0.65650E-04  0.32251E+01  49124.90271
 
 
    >>Objective:       7.6569       0.0000       7.6569
    >>Coeff of variance:       0.0000
 
 iter    objective      ||grad||        inf_pr          inf_du         lg(mu)
    0  0.7656854E+01  0.0000000E+00  0.3235067E+01  0.1265130E+01  0.1000000E+01
 
    >>Normalized Constraint Values:
  0.66099E+00  0.16658E-04  0.66099E+00  39680.49978
 -0.26857E+00  0.22832E-04 -0.26857E+00 -11762.97587
 -0.17582E+01  0.27455E-04 -0.17582E+01 -64039.31435
 -0.26610E+01  0.16963E-04 -0.26610E+01-156871.26694
 -0.17314E+01  0.23215E-04 -0.17314E+01 -74582.43724
 -0.24179E+00  0.27032E-04 -0.24179E+00  -8944.62276
  0.14286E-01  0.51500E-04  0.14286E-01    277.40136
  0.13349E+01  0.37365E-04  0.13349E+01  35725.89048
 
 
    >>Objective:      11.0928       0.0000      11.0928
    >>Coeff of variance:       0.0000
    1  0.1109282E+02  0.2438372E+01  0.1827794E+01  0.9597400E+01  0.5751417E+00
 
    >>Normalized Constraint Values:
  0.33388E+00  0.10123E-04  0.33388E+00  32980.85659
 -0.35787E+00  0.46565E-05 -0.35787E+00 -76853.82757
 -0.17408E+01  0.42958E-04 -0.17408E+01 -40523.75204
 -0.23339E+01  0.99949E-05 -0.23339E+01-233507.15636
 -0.16421E+01  0.45656E-05 -0.16421E+01-359674.38950
 -0.25920E+00  0.43393E-04 -0.25920E+00  -5973.17862
 -0.51706E+00  0.29222E-04 -0.51706E+00 -17694.26353
  0.11340E+01  0.61002E-04  0.11340E+01  18589.40276
 
 
    >>Objective:      11.0697       0.0000      11.0697
    >>Coeff of variance:       0.0000
    2  0.1106970E+02  0.2275119E+01  0.1344490E+01  0.1198468E+02  0.1403206E+01
 
    >>Normalized Constraint Values:
  0.13226E+00  0.13287E-04  0.13226E+00   9953.85558
 -0.37007E+00  0.15362E-04 -0.37007E+00 -24089.73740
 -0.14723E+01  0.26311E-04 -0.14723E+01 -55957.65603
 -0.21323E+01  0.13198E-04 -0.21323E+01-161554.36907
 -0.16299E+01  0.15420E-04 -0.16299E+01-105699.30903
 -0.52771E+00  0.26317E-04 -0.52771E+00 -20051.86116
 -0.19869E+00  0.39606E-04 -0.19869E+00  -5016.68151
  0.64828E+00  0.26921E-04  0.64828E+00  24080.86282
 
 
    >>Objective:      13.6057       0.0000      13.6057
    >>Coeff of variance:       0.0000
    3  0.1360565E+02  0.9203173E+00  0.6694502E+00  0.1146499E+02  0.1169992E+01
 
    >>Normalized Constraint Values:
  0.28134E-01  0.87774E-05  0.28134E-01   3205.29669
 -0.39380E+00  0.13680E-04 -0.39380E+00 -28785.26599
 -0.13734E+01  0.28926E-04 -0.13734E+01 -47477.76239
 -0.20281E+01  0.88333E-05 -0.20281E+01-229602.01822
 -0.16062E+01  0.13635E-04 -0.16062E+01-117798.18275
 -0.62665E+00  0.29543E-04 -0.62665E+00 -21211.09234
 -0.16970E+00  0.51625E-04 -0.16970E+00  -3287.09163
  0.36169E+00  0.30859E-04  0.36169E+00  11720.66461
 
 
    >>Objective:      15.0140       0.0000      15.0140
    >>Coeff of variance:       0.0000
    4  0.1501400E+02  0.4921081E+00  0.3947286E+00  0.8883770E+01  0.7657088E+00
 
    >>Normalized Constraint Values:
 -0.15759E+00  0.13407E-04 -0.15759E+00 -11754.07425
 -0.36864E+00  0.15339E-04 -0.36864E+00 -24032.80475
 -0.12685E+01  0.21933E-04 -0.12685E+01 -57833.01711
 -0.18424E+01  0.13749E-04 -0.18424E+01-134001.53639
 -0.16314E+01  0.15399E-04 -0.16314E+01-105936.88403
 -0.73153E+00  0.21780E-04 -0.73153E+00 -33587.02334
 -0.19824E-01  0.47855E-04 -0.19824E-01   -414.24885
  0.21281E+00  0.25654E-04  0.21281E+00   8295.28180
 
 
    >>Objective:      18.0516       0.0000      18.0516
    >>Coeff of variance:       0.0000
    5  0.1805159E+02  0.9473335E+00  0.2207969E+00  0.2978317E+02  0.4218906E+00
 
    >>Normalized Constraint Values:
 -0.18129E+00  0.13144E-04 -0.18129E+00 -13792.97572
 -0.38322E+00  0.14890E-04 -0.38322E+00 -25736.07113
 -0.12498E+01  0.20217E-04 -0.12498E+01 -61819.94280
 -0.18187E+01  0.13158E-04 -0.18187E+01-138221.65125
 -0.16168E+01  0.15045E-04 -0.16168E+01-107464.08567
 -0.75019E+00  0.19995E-04 -0.75019E+00 -37519.42136
 -0.17103E-01  0.47749E-04 -0.17103E-01   -358.19179
  0.14630E+00  0.25354E-04  0.14630E+00   5770.35169
 
 
    >>Objective:      19.1383       0.0000      19.1383
    >>Coeff of variance:       0.0000
    6  0.1913832E+02  0.9066526E+00  0.1481710E+00  0.4810199E+02  0.3325892E-01
 
    >>Normalized Constraint Values:
 -0.22559E+00  0.10391E-04 -0.22559E+00 -21710.99608
 -0.48905E+00  0.97073E-05 -0.48905E+00 -50380.30257
 -0.12468E+01  0.15754E-04 -0.12468E+01 -79141.35439
 -0.17744E+01  0.10205E-04 -0.17744E+01-173879.64001
 -0.15109E+01  0.97653E-05 -0.15109E+01-154725.61246
 -0.75322E+00  0.16069E-04 -0.75322E+00 -46874.23794
 -0.22573E+00  0.32990E-04 -0.22573E+00  -6842.34576
  0.18731E-01  0.20148E-04  0.18731E-01    929.67189
 
 
    >>Objective:      21.9510       0.0000      21.9510
    >>Coeff of variance:       0.0000
    7  0.2195095E+02  0.1461547E+01  0.5333769E-01  0.1432195E+02  0.3947878E-01
 
    >>Normalized Constraint Values:
 -0.22299E+00  0.10034E-04 -0.22299E+00 -22222.55535
 -0.49779E+00  0.88983E-05 -0.49779E+00 -55942.41248
 -0.12432E+01  0.15370E-04 -0.12432E+01 -80887.39409
 -0.17770E+01  0.97954E-05 -0.17770E+01-181412.23751
 -0.15022E+01  0.88782E-05 -0.15022E+01-169202.08529
 -0.75680E+00  0.15522E-04 -0.75680E+00 -48756.55742
 -0.24674E+00  0.30267E-04 -0.24674E+00  -8152.37430
  0.14766E-01  0.18787E-04  0.14766E-01    785.96850
 
 
    >>Objective:      21.8123       0.0000      21.8123
    >>Coeff of variance:       0.0000
    8  0.2181226E+02  0.7390571E+00  0.3535281E-01  0.6441831E+01  0.3000270E-01
 
    >>Normalized Constraint Values:
 -0.25771E+00  0.99146E-05 -0.25771E+00 -25993.03400
 -0.53073E+00  0.77297E-05 -0.53073E+00 -68661.32649
 -0.12576E+01  0.15607E-04 -0.12576E+01 -80579.05284
 -0.17423E+01  0.99356E-05 -0.17423E+01-175359.04383
 -0.14693E+01  0.77903E-05 -0.14693E+01-188601.87459
 -0.74241E+00  0.15052E-04 -0.74241E+00 -49322.11013
 -0.32633E+00  0.27654E-04 -0.32633E+00 -11800.29291
  0.59026E-03  0.19231E-04  0.59026E-03     30.69264
 
 
    >>Objective:      22.1565       0.0000      22.1565
    >>Coeff of variance:       0.0000
    9  0.2215653E+02  0.4432108E+00  0.6253639E-02  0.4615988E+00  0.5137237E-02
 
    >>Normalized Constraint Values:
 -0.28712E+00  0.96843E-05 -0.28712E+00 -29648.34448
 -0.57544E+00  0.59179E-05 -0.57544E+00 -97236.44170
 -0.12842E+01  0.15691E-04 -0.12842E+01 -81841.58606
 -0.17129E+01  0.94463E-05 -0.17129E+01-181327.72620
 -0.14246E+01  0.58953E-05 -0.14246E+01-241646.13084
 -0.71582E+00  0.15887E-04 -0.71582E+00 -45058.12638
 -0.44584E+00  0.22080E-04 -0.44584E+00 -20192.41962
  0.11588E-02  0.20066E-04  0.11588E-02     57.74934
 
 
    >>Objective:      21.9943       0.0000      21.9943
    >>Coeff of variance:       0.0000
   10  0.2199427E+02  0.6748902E+00  0.1549537E-01  0.6771921E+00  0.9339420E-02
 
    >>Normalized Constraint Values:
 -0.28900E+00  0.95354E-05 -0.28900E+00 -30308.09664
 -0.57832E+00  0.58477E-05 -0.57832E+00 -98896.17874
 -0.12854E+01  0.15527E-04 -0.12854E+01 -82782.74245
 -0.17110E+01  0.94027E-05 -0.17110E+01-181969.57907
 -0.14217E+01  0.57548E-05 -0.14217E+01-247043.54085
 -0.71463E+00  0.15823E-04 -0.71463E+00 -45164.23134
 -0.45287E+00  0.21679E-04 -0.45287E+00 -20889.64993
  0.12441E-04  0.20066E-04  0.12441E-04      0.61998
 
 
    >>Objective:      22.0111       0.0000      22.0111
    >>Coeff of variance:       0.0000
   11  0.2201107E+02  0.4437736E-01  0.1323599E-03  0.2254134E+00  0.2939824E-03
 
    >>Normalized Constraint Values:
 -0.28934E+00  0.94223E-05 -0.28934E+00 -30708.01755
 -0.57961E+00  0.57178E-05 -0.57961E+00-101369.78460
 -0.12863E+01  0.16001E-04 -0.12863E+01 -80389.18413
 -0.17107E+01  0.92907E-05 -0.17107E+01-184125.95773
 -0.14204E+01  0.57263E-05 -0.14204E+01-248047.64934
 -0.71368E+00  0.15631E-04 -0.71368E+00 -45657.36900
 -0.45632E+00  0.22035E-04 -0.45632E+00 -20708.94512
  0.35941E-05  0.20047E-04  0.35941E-05      0.17928
 
 
    >>Objective:      22.0087       0.0000      22.0087
    >>Coeff of variance:       0.0000
   12  0.2200871E+02  0.1674640E-01  0.1252398E-04  0.8336316E-01  0.1137707E-04
 
    >>Normalized Constraint Values:
 -0.28945E+00  0.92190E-05 -0.28945E+00 -31396.96635
 -0.58009E+00  0.57054E-05 -0.58009E+00-101673.45317
 -0.12867E+01  0.15479E-04 -0.12867E+01 -83125.99452
 -0.17106E+01  0.93655E-05 -0.17106E+01-182643.54249
 -0.14199E+01  0.57457E-05 -0.14199E+01-247126.94790
 -0.71326E+00  0.16322E-04 -0.71326E+00 -43699.42492
 -0.45759E+00  0.21842E-04 -0.45759E+00 -20949.82893
  0.76004E-06  0.20456E-04  0.76004E-06      0.03715
 
 
    >>Objective:      22.0087       0.0000      22.0087
    >>Coeff of variance:       0.0000
   13  0.2200871E+02  0.5907290E-02  0.1417041E-05  0.2819570E-01  0.1595545E-06
 
    >>Normalized Constraint Values:
 -0.28941E+00  0.92434E-05 -0.28941E+00 -31309.72108
 -0.58012E+00  0.57737E-05 -0.58012E+00-100476.20793
 -0.12868E+01  0.15938E-04 -0.12868E+01 -80735.72135
 -0.17106E+01  0.92574E-05 -0.17106E+01-184779.90353
 -0.14199E+01  0.58031E-05 -0.14199E+01-244675.05501
 -0.71321E+00  0.16167E-04 -0.71321E+00 -44116.22152
 -0.45768E+00  0.21959E-04 -0.45768E+00 -20842.59519
  0.34375E-07  0.20107E-04  0.34375E-07      0.00171
 
 
    >>Objective:      22.0087       0.0000      22.0087
    >>Coeff of variance:       0.0000
   14  0.2200873E+02  0.1281733E-03  0.3177133E-07  0.6044398E-02  0.2262831E-06
 
 The solution was found.
 
 The final value of the objective function is    22.0087302269667     
 
 The optimal values of X are:
 
 X  (           1 ) =    4.99999986963948      in^2
 X  (           2 ) =    4.95387049007922      in^2
 X  (           3 ) =    4.99999955900531      in^2
 X  (           4 ) =    39.5281069432428      deg
 X  (           5 ) =    60.0000000000000      deg
 X  (           6 ) =    143.633799585978      deg
 
 The multipliers for the equality constraints are:
 
 LAM(           1 ) =  -5.209332304489502E-004
 LAM(           2 ) =  -7.439255615404680E-004
 LAM(           3 ) =  -3.603943000620006E-004
 LAM(           4 ) =   5.218473888441386E-004
 LAM(           5 ) =   7.444750265101925E-004
 LAM(           6 ) =   3.608874312675479E-004
 LAM(           7 ) =  -5.807505059750606E-004
 LAM(           8 ) =    30.5876241723342     
 
Weight, variance, SD, CV:      22.0087       0.0000       0.0003       0.0000
