  0.500000000000000       0.500000000000000       0.500000000000000     
  0.153209416590595       0.484662655736871       0.765402673654047     
  0.903708123739077       0.218008598454713       0.658967998070559     
  0.535479165497847       0.360369301379263       0.521520389506305     
  0.508479462046199       4.568887210501846E-002  0.685940068318336     
  0.985333104320113       0.371134340571019       5.849634646122316E-002
  0.681890117949635       0.886746042908564       0.698819611924726     
  0.106922525098189       0.714656210094663       0.626435012983122     
  0.539632953299885       0.603734659210436       0.246886398616471     
  0.929886693891730       0.519141995926588       0.724049373562587     
  0.866533805614183       0.248511055971203       0.344198290330619     
  0.761207199631610       0.174593072216159       1.312936446834110E-002
  0.189114360118820       0.965474882510988       0.201460515113835     
  0.387079503148498       0.243596746935284       0.990355790682465     
  0.746658701284023       0.304438795179058       0.808324729130797     
  0.571053356818727       9.413492233802312E-002  9.343265618154563E-002
  0.795217332880805       0.632886118333795       0.598014767823182     
  0.464090550466965       1.844012006551388E-002  0.573333242385071     
  0.709012133351550       0.734692147491683       0.852384483237374     
  0.395910758594522       1.440116250132361E-002  0.170937317252811     
  0.666322600770429       0.938888897158952       0.262331657922094     
  8.684971186831884E-002  0.978158328685134       0.153102234164524     
  0.204846514032041       0.153407028974228       0.609539465472936     
  0.551013512159075       0.572805542589693       0.935593305840582     
  0.869606104200264       0.751449963879337       0.531184023425535     
  0.324865757638674       0.822441481679190       0.493939692364227     
  0.497049508098451       0.266736214949162       0.963250146317712     
  0.171952179692245       0.673245815185010       0.823470037313951     
  0.449559460994837       0.923575240589869       0.771062073649948     
  0.296585578163760       0.992836719219886       0.733025460480464     
  3.265278399870906E-002  0.287899355416004       0.828479519985470     
  0.288094292744258       0.405625908189306       0.139350368935193     
  0.841357874184952       0.876378080803691       0.539911571257256     
  0.136574035877386       0.808143204102883       0.206821602224170     
  0.617212301022448       0.172976294490774       0.181103367712348     
  0.603085320817762       3.866847498958141E-002  0.224591002883528     
  0.417305832578275       0.611204086021085       0.106782571286599     
  0.224345544578706       0.333160715116081       0.288878517156729     
  0.633538754978374       0.345182446929781       0.326165401373059     
  0.262666524915038       0.582834834699878       0.586538564666308     
  2.758859645819038E-002  0.951443615211417       0.881192584574110     
  0.174294307612148       0.449072750689342       0.740000831442772     
  0.944138182638463       0.899054181782494       0.295423334804166     
  0.637681983330328       0.664502784034495       4.955327594093750E-002
  0.723992383545178       6.640722073180058E-002  7.379280269686746E-002
  0.241439531453228       0.772825513522911       0.916794347720069     
  0.584350070411878       0.863913030117567       0.953906482346941     
  0.968734865830990       0.105137773500794       0.393205337308160     
  0.889208872858672       0.789689665892642       0.891959212399718     
  0.310337734471888       0.125808866813372       0.564279910520025     
  0.483984433758020       7.832019326208435E-002  0.982890904690251     
  0.775653538432223       0.501401204524920       0.389464125089658     
  9.017985734708768E-002  0.644247356548485       0.129347494559201     
  0.420978377391261       0.705901226356970       0.436094691579272     
  0.919820699593880       0.415244724018270       0.457974127618867     
  0.730845906436847       0.539815713875666       4.072811540728027E-002
  6.627992437685643E-002  0.523282821635017       0.647870443185166     
  0.357993357022698       0.756412206603475       0.425205288794355     
  1.174279385177775E-002  0.295318705916123       0.903549640657474     
  5.678845115852460E-002  0.378012076256941       0.364607636041642     
  0.342049357768345       0.843168550030304       0.308365040872069     
  0.127903846401153       0.206284129730325       2.457527376020863E-002
  0.259656619717977       0.191281424060409       0.674307256191074     
  0.990836597333393       0.432111577155981       0.241475100018859     
  0.439966749375046       0.455799010193536       0.790846605174459     
  0.680577040851406       0.686428096667218       0.411067087488886     
  0.835137196131872       0.565136632631558       0.862510444876178     
  0.803029309441016       0.135442622392684       0.357974576754501     
  0.368676244182626       0.833429920598117       0.478711521907801     
  0.819896852607771       0.471168252689769       0.472664646841750     
