   -0.62054E+00    0.11000E+02    0.11000E-03    0.11000E-03
   -0.61540E+00    0.42000E+02    0.42000E-03    0.53000E-03
   -0.61025E+00    0.12200E+03    0.12200E-02    0.17500E-02
   -0.60511E+00    0.29800E+03    0.29800E-02    0.47300E-02
   -0.59997E+00    0.78800E+03    0.78800E-02    0.12610E-01
   -0.59482E+00    0.15920E+04    0.15920E-01    0.28530E-01
   -0.58968E+00    0.29830E+04    0.29830E-01    0.58360E-01
   -0.58454E+00    0.51900E+04    0.51900E-01    0.11026E+00
   -0.57939E+00    0.76470E+04    0.76470E-01    0.18673E+00
   -0.57425E+00    0.10416E+05    0.10416E+00    0.29089E+00
   -0.56910E+00    0.12524E+05    0.12524E+00    0.41613E+00
   -0.56396E+00    0.13197E+05    0.13197E+00    0.54810E+00
   -0.55882E+00    0.12662E+05    0.12662E+00    0.67472E+00
   -0.55367E+00    0.10561E+05    0.10561E+00    0.78033E+00
   -0.54853E+00    0.82100E+04    0.82100E-01    0.86243E+00
   -0.54339E+00    0.57360E+04    0.57360E-01    0.91979E+00
   -0.53824E+00    0.36730E+04    0.36730E-01    0.95652E+00
   -0.53310E+00    0.21410E+04    0.21410E-01    0.97793E+00
   -0.52796E+00    0.11650E+04    0.11650E-01    0.98958E+00
   -0.52281E+00    0.57800E+03    0.57800E-02    0.99536E+00
   -0.51767E+00    0.26100E+03    0.26100E-02    0.99797E+00
   -0.51252E+00    0.13000E+03    0.13000E-02    0.99927E+00
   -0.50738E+00    0.50000E+02    0.50000E-03    0.99977E+00
   -0.50224E+00    0.15000E+02    0.15000E-03    0.99992E+00
   -0.49709E+00    0.40000E+01    0.40000E-04    0.99996E+00
   -0.49195E+00    0.30000E+01    0.30000E-04    0.99999E+00
   -0.48681E+00    0.00000E+00    0.00000E+00    0.99999E+00
   -0.48166E+00    0.00000E+00    0.00000E+00    0.99999E+00
   -0.47652E+00    0.00000E+00    0.00000E+00    0.99999E+00
   -0.47138E+00    0.10000E+01    0.10000E-04    0.10000E+01
