 
    >>Normalized Constraint Values:
  0.12011E+01  0.39874E-01  0.12011E+01     30.12195
 -0.43022E+00  0.16797E-01 -0.43022E+00    -25.61242
 -0.20516E+01  0.21444E-01 -0.20516E+01    -95.67349
 -0.31792E+01  0.39660E-01 -0.31792E+01    -80.15992
 -0.15597E+01  0.16778E-01 -0.15597E+01    -92.96198
  0.68831E-01  0.21492E-01  0.68831E-01      3.20257
  0.14041E+00  0.41145E-01  0.14041E+00      3.41249
  0.22690E+01  0.51209E-01  0.22690E+01     44.30950
 
 
    >>Objective:       7.6980       0.0050       7.7030
    >>Coeff of variance:       0.0091
 
 iter    objective      ||grad||        inf_pr          inf_du         lg(mu)
    0  0.7703003E+01  0.0000000E+00  0.2279045E+01  0.1346794E+01  0.1000000E+01
 
    >>Normalized Constraint Values:
  0.63428E+00  0.21498E-01  0.63428E+00     29.50416
 -0.40099E+00  0.18574E-01 -0.40099E+00    -21.58839
 -0.18020E+01  0.19252E-01 -0.18020E+01    -93.60193
 -0.26195E+01  0.21396E-01 -0.26195E+01   -122.42696
 -0.15892E+01  0.18463E-01 -0.15892E+01    -86.07776
 -0.18600E+00  0.19317E-01 -0.18600E+00     -9.62912
 -0.97406E-01  0.39319E-01 -0.97406E-01     -2.47730
  0.13926E+01  0.30787E-01  0.13926E+01     45.23206
 
 
    >>Objective:       9.4952       0.0208       9.5160
    >>Coeff of variance:       0.0152
    1  0.9515963E+01  0.1601269E+01  0.1583050E+01  0.1048785E+02  0.3906954E+00
 
    >>Normalized Constraint Values:
  0.31526E+00  0.78604E-02  0.31526E+00     40.10757
 -0.31015E+00  0.91909E-02 -0.31015E+00    -33.74581
 -0.15212E+01  0.31050E-01 -0.15212E+01    -48.99255
 -0.23034E+01  0.78367E-02 -0.23034E+01   -293.92323
 -0.16825E+01  0.90722E-02 -0.16825E+01   -185.45532
 -0.47178E+00  0.31265E-01 -0.47178E+00    -15.08960
 -0.15006E+00  0.41976E-01 -0.15006E+00     -3.57499
  0.72344E+00  0.37044E-01  0.72344E+00     19.52944
 
 
    >>Objective:       9.6435       0.0135       9.6569
    >>Coeff of variance:       0.0120
    2  0.9656918E+01  0.1052634E+01  0.8352625E+00  0.4819103E+01  0.4201300E+00
 
    >>Normalized Constraint Values:
 -0.41360E-01  0.14556E-01 -0.41360E-01     -2.84152
 -0.28376E+00  0.18625E-01 -0.28376E+00    -15.23561
 -0.12769E+01  0.18041E-01 -0.12769E+01    -70.77608
 -0.19517E+01  0.14539E-01 -0.19517E+01   -134.23571
 -0.17095E+01  0.18446E-01 -0.17095E+01    -92.67478
 -0.71610E+00  0.18142E-01 -0.71610E+00    -39.47227
  0.60513E-01  0.40975E-01  0.60513E-01      1.47681
  0.48709E+00  0.27989E-01  0.48709E+00     17.40289
 
 
    >>Objective:      12.8293       0.0471      12.8764
    >>Coeff of variance:       0.0169
    3  0.1287640E+02  0.9249332E+00  0.4882061E+00  0.2425238E+02  0.4463599E+00
 
    >>Normalized Constraint Values:
 -0.72573E-01  0.86708E-02 -0.72573E-01     -8.36988
 -0.40736E+00  0.14151E-01 -0.40736E+00    -28.78702
 -0.12467E+01  0.25306E-01 -0.12467E+01    -49.26337
 -0.19211E+01  0.86606E-02 -0.19211E+01   -221.81856
 -0.15877E+01  0.14035E-01 -0.15877E+01   -113.11967
 -0.74835E+00  0.25419E-01 -0.74835E+00    -29.44090
 -0.11739E+00  0.46314E-01 -0.11739E+00     -2.53456
  0.21219E+00  0.22439E-01  0.21219E+00      9.45595
 
 
    >>Objective:      12.8605       0.0312      12.8917
    >>Coeff of variance:       0.0137
    4  0.1289171E+02  0.6549308E+00  0.2456089E+00  0.2515143E+01  0.3382357E+00
 
    >>Normalized Constraint Values:
 -0.11644E+00  0.72707E-02 -0.11644E+00    -16.01443
 -0.43125E+00  0.15366E-01 -0.43125E+00    -28.06516
 -0.12301E+01  0.25384E-01 -0.12301E+01    -48.45905
 -0.18777E+01  0.72488E-02 -0.18777E+01   -259.03782
 -0.15640E+01  0.15239E-01 -0.15640E+01   -102.63085
 -0.76534E+00  0.25466E-01 -0.76534E+00    -30.05314
 -0.11975E+00  0.51533E-01 -0.11975E+00     -2.32382
  0.10542E+00  0.22847E-01  0.10542E+00      4.61414
 
 
    >>Objective:      13.7534       0.0389      13.7924
    >>Coeff of variance:       0.0143
    5  0.1379237E+02  0.6274071E+00  0.1057534E+00  0.1894874E+01  0.2945493E-01
 
    >>Normalized Constraint Values:
 -0.92762E-01  0.55844E-02 -0.92762E-01    -16.61103
 -0.39346E+00  0.19616E-01 -0.39346E+00    -20.05753
 -0.11802E+01  0.27303E-01 -0.11802E+01    -43.22447
 -0.19009E+01  0.56069E-02 -0.19009E+01   -339.03138
 -0.16012E+01  0.19424E-01 -0.16012E+01    -82.43558
 -0.81536E+00  0.27334E-01 -0.81536E+00    -29.82990
  0.16343E-01  0.64354E-01  0.16343E-01      0.25396
  0.43437E-01  0.24164E-01  0.43437E-01      1.79763
 
 
    >>Objective:      14.0140       0.0463      14.0603
    >>Coeff of variance:       0.0154
    6  0.1406032E+02  0.7266011E+00  0.4419477E-01  0.3103332E+01  0.1700538E-01
 
    >>Normalized Constraint Values:
 -0.10393E+00  0.53886E-02 -0.10393E+00    -19.28638
 -0.39935E+00  0.20089E-01 -0.39935E+00    -19.87881
 -0.11785E+01  0.28091E-01 -0.11785E+01    -41.95309
 -0.18899E+01  0.54251E-02 -0.18899E+01   -348.36320
 -0.15953E+01  0.19893E-01 -0.15953E+01    -80.19726
 -0.81696E+00  0.28167E-01 -0.81696E+00    -29.00386
  0.10454E-01  0.66769E-01  0.10454E-01      0.15656
  0.27079E-01  0.25338E-01  0.27079E-01      1.06873
 
 
    >>Objective:      14.1086       0.0480      14.1566
    >>Coeff of variance:       0.0155
    7  0.1415664E+02  0.2527806E+00  0.2752582E-01  0.3063175E+01  0.2503144E-02
 
    >>Normalized Constraint Values:
 -0.15739E+00  0.73474E-02 -0.15739E+00    -21.42145
 -0.40860E+00  0.20213E-01 -0.40860E+00    -20.21520
 -0.11829E+01  0.27874E-01 -0.11829E+01    -42.43650
 -0.18371E+01  0.73488E-02 -0.18371E+01   -249.98110
 -0.15862E+01  0.20045E-01 -0.15862E+01    -79.13573
 -0.81209E+00  0.27923E-01 -0.81209E+00    -29.08359
 -0.36686E-02  0.67963E-01 -0.36686E-02     -0.05398
  0.10729E-01  0.26956E-01  0.10729E-01      0.39803
 
 
    >>Objective:      14.4507       0.0549      14.5056
    >>Coeff of variance:       0.0162
    8  0.1450561E+02  0.3122228E+00  0.1079583E-01  0.2715238E+01  0.1915019E-02
 
    >>Normalized Constraint Values:
 -0.14998E+00  0.68219E-02 -0.14998E+00    -21.98549
 -0.40964E+00  0.20046E-01 -0.40964E+00    -20.43544
 -0.11809E+01  0.26902E-01 -0.11809E+01    -43.89550
 -0.18444E+01  0.68321E-02 -0.18444E+01   -269.95756
 -0.15852E+01  0.19856E-01 -0.15852E+01    -79.83439
 -0.81443E+00  0.26912E-01 -0.81443E+00    -30.26254
 -0.51839E-03  0.67363E-01 -0.51839E-03     -0.00770
  0.21115E-03  0.26346E-01  0.21115E-03      0.00801
 
 
    >>Objective:      14.6490       0.0558      14.7048
    >>Coeff of variance:       0.0161
    9  0.1470481E+02  0.1418110E+00  0.5140776E-03  0.2160037E+01  0.2738476E-03
 
    >>Normalized Constraint Values:
 -0.14576E+00  0.66356E-02 -0.14576E+00    -21.96659
 -0.40948E+00  0.20024E-01 -0.40948E+00    -20.44947
 -0.11808E+01  0.26855E-01 -0.11808E+01    -43.97137
 -0.18485E+01  0.66437E-02 -0.18485E+01   -278.24254
 -0.15854E+01  0.19843E-01 -0.15854E+01    -79.89582
 -0.81452E+00  0.26884E-01 -0.81452E+00    -30.29721
 -0.34811E-05  0.67317E-01 -0.34811E-05     -0.00005
 -0.17801E-04  0.26243E-01 -0.17801E-04     -0.00068
 
 
    >>Objective:      14.6495       0.0561      14.7056
    >>Coeff of variance:       0.0162
   10  0.1470556E+02  0.2902332E-01  0.5611732E-04  0.1757937E+00  0.5466619E-05
 
    >>Normalized Constraint Values:
 -0.14545E+00  0.66237E-02 -0.14545E+00    -21.95843
 -0.40948E+00  0.20022E-01 -0.40948E+00    -20.45147
 -0.11809E+01  0.26833E-01 -0.11809E+01    -44.00765
 -0.18489E+01  0.66416E-02 -0.18489E+01   -278.37442
 -0.15854E+01  0.19845E-01 -0.15854E+01    -79.88680
 -0.81451E+00  0.26944E-01 -0.81451E+00    -30.22994
  0.11246E-05  0.67267E-01  0.11246E-05      0.00002
 -0.29358E-05  0.26255E-01 -0.29358E-05     -0.00011
 
 
    >>Objective:      14.6490       0.0558      14.7049
    >>Coeff of variance:       0.0161
   11  0.1470486E+02  0.1941805E-02  0.4434405E-05  0.5940169E-02  0.2025949E-06
 
    >>Normalized Constraint Values:
 -0.14545E+00  0.66339E-02 -0.14545E+00    -21.92582
 -0.40948E+00  0.20021E-01 -0.40948E+00    -20.45262
 -0.11809E+01  0.26796E-01 -0.11809E+01    -44.06811
 -0.18489E+01  0.66317E-02 -0.18489E+01   -278.78885
 -0.15854E+01  0.19844E-01 -0.15854E+01    -79.89045
 -0.81451E+00  0.26910E-01 -0.81451E+00    -30.26740
 -0.55909E-05  0.67230E-01 -0.55909E-05     -0.00008
 -0.42171E-05  0.26308E-01 -0.42171E-05     -0.00016
 
 
    >>Objective:      14.6490       0.0556      14.7046
    >>Coeff of variance:       0.0161
   12  0.1470455E+02  0.1036648E-03  0.5600079E-05  0.2186203E-02  0.3200725E-08
 
 The solution was found.
 
 The final value of the objective function is    14.7045504088864     
 
 The optimal values of X are:
 
 X  (           1 ) =    5.00000000000000      in^2
 X  (           2 ) =    1.44584216173188      in^2
 X  (           3 ) =    2.36768385174887      in^2
 X  (           4 ) =    37.6517009804114      deg
 X  (           5 ) =    60.0000000000000      deg
 X  (           6 ) =    150.000000000000      deg
 
 The multipliers for the equality constraints are:
 
 LAM(           1 ) =   2.428504883358407E-008
 LAM(           2 ) =   8.437352674136547E-009
 LAM(           3 ) =   2.922773114517957E-009
 LAM(           4 ) =   1.866369239003727E-009
 LAM(           5 ) =   2.177902137614925E-009
 LAM(           6 ) =   4.238695452391477E-009
 LAM(           7 ) =    4.04593478914930     
 LAM(           8 ) =    24.0878487794941     
 
Weight, variance, SD, CV:      14.6490       0.0556       0.2358       0.0161
