   -0.15705E+01    0.10000E+01    0.10000E-04    0.10000E-04
   -0.15666E+01    0.40000E+01    0.40000E-04    0.50000E-04
   -0.15628E+01    0.70000E+01    0.70000E-04    0.12000E-03
   -0.15589E+01    0.15000E+02    0.15000E-03    0.27000E-03
   -0.15551E+01    0.44000E+02    0.44000E-03    0.71000E-03
   -0.15512E+01    0.95000E+02    0.95000E-03    0.16600E-02
   -0.15474E+01    0.20400E+03    0.20400E-02    0.37000E-02
   -0.15435E+01    0.39000E+03    0.39000E-02    0.76000E-02
   -0.15397E+01    0.77400E+03    0.77400E-02    0.15340E-01
   -0.15358E+01    0.14120E+04    0.14120E-01    0.29460E-01
   -0.15320E+01    0.23220E+04    0.23220E-01    0.52680E-01
   -0.15281E+01    0.36890E+04    0.36890E-01    0.89570E-01
   -0.15243E+01    0.53580E+04    0.53580E-01    0.14315E+00
   -0.15204E+01    0.73850E+04    0.73850E-01    0.21700E+00
   -0.15166E+01    0.92580E+04    0.92580E-01    0.30958E+00
   -0.15127E+01    0.10814E+05    0.10814E+00    0.41772E+00
   -0.15089E+01    0.11753E+05    0.11753E+00    0.53525E+00
   -0.15050E+01    0.11563E+05    0.11563E+00    0.65088E+00
   -0.15012E+01    0.10447E+05    0.10447E+00    0.75535E+00
   -0.14973E+01    0.85900E+04    0.85900E-01    0.84125E+00
   -0.14935E+01    0.64500E+04    0.64500E-01    0.90575E+00
   -0.14896E+01    0.43160E+04    0.43160E-01    0.94891E+00
   -0.14858E+01    0.26100E+04    0.26100E-01    0.97501E+00
   -0.14819E+01    0.13840E+04    0.13840E-01    0.98885E+00
   -0.14781E+01    0.67100E+03    0.67100E-02    0.99556E+00
   -0.14742E+01    0.29100E+03    0.29100E-02    0.99847E+00
   -0.14704E+01    0.10500E+03    0.10500E-02    0.99952E+00
   -0.14665E+01    0.38000E+02    0.38000E-03    0.99990E+00
   -0.14627E+01    0.90000E+01    0.90000E-04    0.99999E+00
   -0.14588E+01    0.10000E+01    0.10000E-04    0.10000E+01
