 
    >>Normalized Constraint Values:
  0.12011E+01  0.39901E-01  0.13607E+01     30.10167
 -0.43022E+00  0.16846E-01 -0.36283E+00    -25.53829
 -0.20516E+01  0.21432E-01 -0.19659E+01    -95.72820
 -0.31792E+01  0.39488E-01 -0.30212E+01    -80.50978
 -0.15597E+01  0.16806E-01 -0.14925E+01    -92.81034
  0.68829E-01  0.21504E-01  0.15485E+00      3.20075
  0.14041E+00  0.41147E-01  0.30499E+00      3.41233
  0.22691E+01  0.51220E-01  0.24739E+01     44.30061
 
 
    >>Objective:       7.6980       0.0050       7.7030
    >>Coeff of variance:       0.0092
 
 iter    objective      ||grad||        inf_pr          inf_du         lg(mu)
    0  0.7703009E+01  0.0000000E+00  0.2483938E+01  0.1147587E+01  0.1000000E+01
 
    >>Normalized Constraint Values:
  0.66118E+00  0.22845E-01  0.75256E+00     28.94232
 -0.39818E+00  0.18613E-01 -0.32373E+00    -21.39262
 -0.18387E+01  0.18951E-01 -0.17629E+01    -97.02342
 -0.26458E+01  0.22687E-01 -0.25551E+01   -116.62422
 -0.15919E+01  0.18556E-01 -0.15176E+01    -85.78562
 -0.14844E+00  0.19032E-01 -0.72308E-01     -7.79921
 -0.10253E+00  0.40207E-01  0.58295E-01     -2.55011
  0.14759E+01  0.31063E-01  0.16002E+01     47.51385
 
 
    >>Objective:       9.2939       0.0195       9.3133
    >>Coeff of variance:       0.0150
    1  0.9313329E+01  0.1476389E+01  0.1739515E+01  0.1015401E+02  0.2958886E+00
 
    >>Normalized Constraint Values:
  0.27634E+00  0.11376E-01  0.32185E+00     24.29108
 -0.23164E+00  0.15244E-01 -0.17066E+00    -15.19572
 -0.13930E+01  0.29271E-01 -0.12760E+01    -47.59148
 -0.22645E+01  0.11331E-01 -0.22192E+01   -199.84874
 -0.17598E+01  0.15074E-01 -0.16996E+01   -116.74839
 -0.59926E+00  0.29430E-01 -0.48154E+00    -20.36221
  0.11050E+00  0.52991E-01  0.32246E+00      2.08525
  0.63120E+00  0.30366E-01  0.75266E+00     20.78640
 
 
    >>Objective:       9.8724       0.0169       9.8893
    >>Coeff of variance:       0.0132
    2  0.9889294E+01  0.9431778E+00  0.7930293E+00  0.5816006E+01  0.3446472E+00
 
    >>Normalized Constraint Values:
 -0.97389E-01  0.13081E-01 -0.45066E-01     -7.44531
 -0.33929E+00  0.18695E-01 -0.26451E+00    -18.14819
 -0.13000E+01  0.17059E-01 -0.12318E+01    -76.20543
 -0.18964E+01  0.13020E-01 -0.18443E+01   -145.64942
 -0.16544E+01  0.18537E-01 -0.15802E+01    -89.24812
 -0.69357E+00  0.17189E-01 -0.62482E+00    -40.34972
  0.28143E-02  0.43498E-01  0.17681E+00      0.06470
  0.32147E+00  0.22238E-01  0.41042E+00     14.45632
 
 
    >>Objective:      13.8576       0.0535      13.9112
    >>Coeff of variance:       0.0167
    3  0.1391116E+02  0.1657013E+01  0.4108278E+00  0.2687898E+02  0.5851581E+00
 
    >>Normalized Constraint Values:
 -0.16519E+00  0.74761E-02 -0.13529E+00    -22.09623
 -0.50886E+00  0.13163E-01 -0.45621E+00    -38.65921
 -0.13040E+01  0.22766E-01 -0.12129E+01    -57.27921
 -0.18299E+01  0.74262E-02 -0.18002E+01   -246.40904
 -0.14871E+01  0.13083E-01 -0.14348E+01   -113.66419
 -0.69125E+00  0.22892E-01 -0.59968E+00    -30.19635
 -0.33105E+00  0.39570E-01 -0.17277E+00     -8.36624
  0.13277E+00  0.21991E-01  0.22074E+00      6.03752
 
 
    >>Objective:      14.2797       0.0375      14.3172
    >>Coeff of variance:       0.0136
    4  0.1431718E+02  0.1273878E+01  0.2432306E+00  0.7168359E+01  0.5496588E+00
 
    >>Normalized Constraint Values:
 -0.19066E+00  0.79220E-02 -0.15897E+00    -24.06703
 -0.45219E+00  0.15235E-01 -0.39125E+00    -29.68113
 -0.12074E+01  0.20821E-01 -0.11241E+01    -57.98933
 -0.18044E+01  0.78942E-02 -0.17728E+01   -228.56893
 -0.15435E+01  0.15109E-01 -0.14831E+01   -102.15645
 -0.78853E+00  0.20894E-01 -0.70495E+00    -37.73932
 -0.14537E+00  0.45419E-01  0.36307E-01     -3.20062
  0.39321E-01  0.19012E-01  0.11537E+00      2.06827
 
 
    >>Objective:      15.1769       0.0515      15.2283
    >>Coeff of variance:       0.0149
    5  0.1522833E+02  0.4106744E+00  0.1201928E+00  0.5908873E+01  0.1359671E+00
 
    >>Normalized Constraint Values:
 -0.21887E+00  0.77229E-02 -0.18798E+00    -28.34045
 -0.47389E+00  0.14463E-01 -0.41603E+00    -32.76492
 -0.12070E+01  0.20401E-01 -0.11254E+01    -59.16252
 -0.17765E+01  0.77168E-02 -0.17456E+01   -230.20638
 -0.15221E+01  0.14362E-01 -0.14647E+01   -105.97969
 -0.78924E+00  0.20519E-01 -0.70717E+00    -38.46471
 -0.17419E+00  0.45557E-01  0.80331E-02     -3.82367
 -0.58187E-02  0.19594E-01  0.72559E-01     -0.29696
 
 
    >>Objective:      15.7819       0.0563      15.8382
    >>Coeff of variance:       0.0150
    6  0.1583821E+02  0.3226401E+00  0.7445057E-01  0.1742061E+02  0.4269824E-01
 
    >>Normalized Constraint Values:
 -0.27121E+00  0.82193E-02 -0.23834E+00    -32.99724
 -0.49780E+00  0.12921E-01 -0.44612E+00    -38.52677
 -0.11923E+01  0.18193E-01 -0.11196E+01    -65.53981
 -0.17247E+01  0.81827E-02 -0.16919E+01   -210.76891
 -0.14987E+01  0.12835E-01 -0.14473E+01   -116.76948
 -0.80447E+00  0.18273E-01 -0.73137E+00    -44.02505
 -0.19698E+00  0.42130E-01 -0.28454E-01     -4.67539
 -0.68102E-01  0.18802E-01  0.71056E-02     -3.62208
 
 
    >>Objective:      17.0660       0.0686      17.1346
    >>Coeff of variance:       0.0153
    7  0.1713456E+02  0.3986178E+00  0.2313420E-01  0.3920368E+01  0.5540417E-02
 
    >>Normalized Constraint Values:
 -0.24970E+00  0.75444E-02 -0.21952E+00    -33.09746
 -0.49041E+00  0.12927E-01 -0.43870E+00    -37.93822
 -0.11807E+01  0.17441E-01 -0.11110E+01    -67.69765
 -0.17459E+01  0.75336E-02 -0.17158E+01   -231.75398
 -0.15060E+01  0.12831E-01 -0.14547E+01   -117.37349
 -0.81635E+00  0.17504E-01 -0.74633E+00    -46.63688
 -0.17404E+00  0.41328E-01 -0.87240E-02     -4.21109
 -0.74324E-01  0.17523E-01 -0.42330E-02     -4.24157
 
 
    >>Objective:      17.1610       0.0677      17.2288
    >>Coeff of variance:       0.0152
    8  0.1722879E+02  0.2749112E+00  0.5857360E-02  0.2369444E+01  0.1768655E-01
 
    >>Normalized Constraint Values:
 -0.24045E+00  0.73801E-02 -0.21093E+00    -32.58058
 -0.48634E+00  0.13190E-01 -0.43358E+00    -36.87150
 -0.11805E+01  0.17755E-01 -0.11095E+01    -66.48580
 -0.17551E+01  0.73472E-02 -0.17257E+01   -238.88076
 -0.15100E+01  0.13092E-01 -0.14576E+01   -115.34160
 -0.81658E+00  0.17788E-01 -0.74542E+00    -45.90536
 -0.16499E+00  0.42331E-01  0.43389E-02     -3.89750
 -0.70888E-01  0.17649E-01 -0.28966E-03     -4.01641
 
 
    >>Objective:      17.0179       0.0666      17.0845
    >>Coeff of variance:       0.0152
    9  0.1708450E+02  0.7515169E-01  0.4425937E-02  0.1910698E+00  0.9038178E-03
 
    >>Normalized Constraint Values:
 -0.24207E+00  0.73972E-02 -0.21248E+00    -32.72481
 -0.48798E+00  0.13132E-01 -0.43545E+00    -37.15810
 -0.11820E+01  0.17865E-01 -0.11105E+01    -66.16364
 -0.17535E+01  0.73711E-02 -0.17240E+01   -237.88913
 -0.15084E+01  0.13033E-01 -0.14563E+01   -115.73767
 -0.81506E+00  0.17889E-01 -0.74350E+00    -45.56313
 -0.16941E+00  0.42335E-01 -0.70502E-04     -4.00167
 -0.70618E-01  0.17668E-01  0.53770E-04     -3.99696
 
 
    >>Objective:      17.0075       0.0668      17.0743
    >>Coeff of variance:       0.0152
   10  0.1707430E+02  0.1823653E-01  0.4458565E-03  0.5427247E-01  0.4285841E-04
 
    >>Normalized Constraint Values:
 -0.24234E+00  0.74034E-02 -0.21273E+00    -32.73415
 -0.48798E+00  0.13132E-01 -0.43545E+00    -37.15987
 -0.11820E+01  0.17789E-01 -0.11108E+01    -66.44306
 -0.17532E+01  0.73814E-02 -0.17237E+01   -237.51977
 -0.15084E+01  0.13039E-01 -0.14562E+01   -115.68079
 -0.81507E+00  0.17966E-01 -0.74321E+00    -45.36754
 -0.16941E+00  0.42304E-01 -0.19345E-03     -4.00457
 -0.70653E-01  0.17709E-01  0.18342E-03     -3.98964
 
 
    >>Objective:      17.0087       0.0664      17.0751
    >>Coeff of variance:       0.0151
   11  0.1707510E+02  0.1823146E-02  0.3315945E-03  0.4117387E-01  0.1407983E-05
 
    >>Normalized Constraint Values:
 -0.24257E+00  0.73949E-02 -0.21299E+00    -32.80215
 -0.48798E+00  0.13136E-01 -0.43544E+00    -37.14814
 -0.11819E+01  0.17830E-01 -0.11106E+01    -66.28876
 -0.17530E+01  0.73796E-02 -0.17235E+01   -237.54685
 -0.15084E+01  0.13039E-01 -0.14562E+01   -115.68036
 -0.81512E+00  0.17924E-01 -0.74343E+00    -45.47574
 -0.16930E+00  0.42369E-01  0.17791E-03     -3.99580
 -0.70831E-01  0.17748E-01  0.16178E-03     -3.99088
 
 
    >>Objective:      17.0136       0.0666      17.0802
    >>Coeff of variance:       0.0152
   12  0.1708022E+02  0.1140260E-02  0.1813814E-03  0.4741595E-01  0.5028957E-07
 
    >>Normalized Constraint Values:
 -0.24261E+00  0.74017E-02 -0.21300E+00    -32.77749
 -0.48808E+00  0.13130E-01 -0.43556E+00    -37.17410
 -0.11819E+01  0.17784E-01 -0.11108E+01    -66.45873
 -0.17530E+01  0.73849E-02 -0.17234E+01   -237.37074
 -0.15083E+01  0.13032E-01 -0.14562E+01   -115.73768
 -0.81515E+00  0.17865E-01 -0.74368E+00    -45.62681
 -0.16946E+00  0.42333E-01 -0.13110E-03     -4.00310
 -0.71005E-01  0.17730E-01 -0.84008E-04     -4.00474
 
 
    >>Objective:      17.0185       0.0666      17.0851
    >>Coeff of variance:       0.0152
   13  0.1708513E+02  0.2704269E-02  0.2451217E-03  0.7461165E-01  0.6562245E-09
 
    >>Normalized Constraint Values:
 -0.24257E+00  0.73920E-02 -0.21300E+00    -32.81530
 -0.48801E+00  0.13134E-01 -0.43547E+00    -37.15664
 -0.11819E+01  0.17783E-01 -0.11108E+01    -66.46347
 -0.17530E+01  0.73777E-02 -0.17235E+01   -237.60861
 -0.15084E+01  0.13039E-01 -0.14562E+01   -115.68074
 -0.81516E+00  0.17897E-01 -0.74357E+00    -45.54843
 -0.16933E+00  0.42347E-01  0.55007E-04     -3.99870
 -0.70909E-01  0.17673E-01 -0.21814E-03     -4.01234
 
 
    >>Objective:      17.0159       0.0665      17.0825
    >>Coeff of variance:       0.0152
   14  0.1708248E+02  0.1161078E-02  0.2181509E-03  0.6905908E-01  0.1000000E-10
 
    >>Normalized Constraint Values:
 -0.24241E+00  0.74062E-02 -0.21279E+00    -32.73127
 -0.48797E+00  0.13140E-01 -0.43541E+00    -37.13567
 -0.11820E+01  0.17848E-01 -0.11106E+01    -66.22416
 -0.17532E+01  0.73841E-02 -0.17236E+01   -237.42233
 -0.15084E+01  0.13039E-01 -0.14562E+01   -115.68586
 -0.81507E+00  0.17869E-01 -0.74359E+00    -45.61268
 -0.16935E+00  0.42361E-01  0.96225E-04     -3.99773
 -0.70694E-01  0.17748E-01  0.29642E-03     -3.98330
 
 
    >>Objective:      17.0098       0.0665      17.0763
    >>Coeff of variance:       0.0152
   15  0.1707633E+02  0.2034210E-02  0.2964088E-03  0.4471452E-01  0.1000000E-10
 
    >>Normalized Constraint Values:
 -0.24263E+00  0.73880E-02 -0.21308E+00    -32.84157
 -0.48808E+00  0.13132E-01 -0.43555E+00    -37.16673
 -0.11819E+01  0.17847E-01 -0.11105E+01    -66.22254
 -0.17529E+01  0.73952E-02 -0.17234E+01   -237.03853
 -0.15083E+01  0.13031E-01 -0.14562E+01   -115.74774
 -0.81516E+00  0.17893E-01 -0.74359E+00    -45.55793
 -0.16947E+00  0.42317E-01 -0.20716E-03     -4.00490
 -0.70998E-01  0.17794E-01  0.17750E-03     -3.99002
 
 
    >>Objective:      17.0184       0.0665      17.0849
    >>Coeff of variance:       0.0152
   16  0.1708488E+02  0.3163581E-02  0.2071686E-03  0.5062700E-01  0.1000000E-10
 
    >>Normalized Constraint Values:
 -0.24274E+00  0.74092E-02 -0.21310E+00    -32.76176
 -0.48806E+00  0.13136E-01 -0.43551E+00    -37.15304
 -0.11818E+01  0.17843E-01 -0.11104E+01    -66.23250
 -0.17528E+01  0.73751E-02 -0.17233E+01   -237.66920
 -0.15083E+01  0.13033E-01 -0.14562E+01   -115.72892
 -0.81525E+00  0.17854E-01 -0.74383E+00    -45.66157
 -0.16931E+00  0.42274E-01 -0.21725E-03     -4.00514
 -0.71175E-01  0.17719E-01 -0.30038E-03     -4.01695
 
 
    >>Objective:      17.0231       0.0667      17.0899
    >>Coeff of variance:       0.0152
 
    >>Normalized Constraint Values:
 -0.24246E+00  0.73909E-02 -0.21290E+00    -32.80520
 -0.48790E+00  0.13143E-01 -0.43533E+00    -37.12153
 -0.11818E+01  0.17790E-01 -0.11107E+01    -66.43333
 -0.17531E+01  0.73684E-02 -0.17236E+01   -237.92482
 -0.15085E+01  0.13041E-01 -0.14563E+01   -115.67012
 -0.81520E+00  0.17896E-01 -0.74362E+00    -45.55195
 -0.16907E+00  0.42300E-01  0.13098E-03     -3.99690
 -0.70869E-01  0.17703E-01 -0.56506E-04     -4.00319
 
 
    >>Objective:      17.0143       0.0665      17.0808
    >>Coeff of variance:       0.0152
   17  0.1708075E+02  0.1275269E-02  0.2184142E-03  0.3059164E-01  0.1000000E-10
 
    >>Normalized Constraint Values:
 -0.24248E+00  0.73959E-02 -0.21289E+00    -32.78538
 -0.48793E+00  0.13140E-01 -0.43537E+00    -37.13372
 -0.11819E+01  0.17846E-01 -0.11105E+01    -66.22803
 -0.17531E+01  0.73803E-02 -0.17236E+01   -237.53824
 -0.15084E+01  0.13038E-01 -0.14563E+01   -115.69073
 -0.81515E+00  0.17912E-01 -0.74350E+00    -45.50775
 -0.16919E+00  0.42313E-01  0.62110E-04     -3.99853
 -0.70810E-01  0.17729E-01  0.10502E-03     -3.99408
 
 
    >>Objective:      17.0128       0.0664      17.0793
    >>Coeff of variance:       0.0151
   18  0.1707926E+02  0.8334862E-03  0.2260215E-03  0.3237673E-01  0.1000000E-10
 
 The solution was found.
 
 The final value of the objective function is    17.0792559836940     
 
 The optimal values of X are:
 
 X  (           1 ) =    5.00000000000000      in^2
 X  (           2 ) =    2.12616105455931      in^2
 X  (           3 ) =    3.35665003208561      in^2
 X  (           4 ) =    37.6207421774926      deg
 X  (           5 ) =    60.0000000000000      deg
 X  (           6 ) =    147.851690880345      deg
 
 The multipliers for the equality constraints are:
 
 LAM(           1 ) =   4.696709160628877E-011
 LAM(           2 ) =   2.296930609164816E-011
 LAM(           3 ) =   9.002887484333300E-012
 LAM(           4 ) =   5.801634217803343E-012
 LAM(           5 ) =   6.866792125114420E-012
 LAM(           6 ) =   1.344868902685429E-011
 LAM(           7 ) =    1.31700776181512     
 LAM(           8 ) =    28.5805507674477     
 
Weight, variance, SD, CV:      17.0128       0.0664       0.2577       0.0151
